     0.000000e+000
     1.238045e-003
     0.000000e+000
     0.000000e+000
     0.000000e+000
     0.000000e+000
     0.000000e+000
     0.000000e+000
     0.000000e+000
     0.000000e+000
     0.000000e+000
     8.888703e-004
     7.138040e-004
     0.000000e+000
     0.000000e+000
     1.734636e-003
     8.469840e-005
     1.020711e-003
     0.000000e+000
     0.000000e+000
     0.000000e+000
     0.000000e+000
     0.000000e+000
     0.000000e+000
     0.000000e+000
     0.000000e+000
     0.000000e+000
     0.000000e+000
     0.000000e+000
     0.000000e+000
     0.000000e+000
     0.000000e+000
     0.000000e+000
     0.000000e+000
     0.000000e+000
     0.000000e+000
     0.000000e+000
     0.000000e+000
     0.000000e+000
     0.000000e+000
     0.000000e+000
     0.000000e+000
     0.000000e+000
     1.308159e-003
     0.000000e+000
     0.000000e+000
     0.000000e+000
     0.000000e+000
     0.000000e+000
     0.000000e+000
     0.000000e+000
     1.945856e-003
     0.000000e+000
     0.000000e+000
     0.000000e+000
     0.000000e+000
     0.000000e+000
     0.000000e+000
     0.000000e+000
     1.424440e-003
     0.000000e+000
     0.000000e+000
     0.000000e+000
     0.000000e+000
     0.000000e+000
     0.000000e+000
     0.000000e+000
     0.000000e+000
     0.000000e+000
     0.000000e+000
     0.000000e+000
     0.000000e+000
     1.201371e-004
     3.323155e-004
     0.000000e+000
     0.000000e+000
     0.000000e+000
     0.000000e+000
     1.866223e-003
     0.000000e+000
     0.000000e+000
     0.000000e+000
     0.000000e+000
     0.000000e+000
     0.000000e+000
     0.000000e+000
     2.803466e-004
     0.000000e+000
     0.000000e+000
     4.849839e-004
     0.000000e+000
     0.000000e+000
     0.000000e+000
     0.000000e+000
     0.000000e+000
     0.000000e+000
     5.199604e-004
     0.000000e+000
     0.000000e+000
     0.000000e+000
     0.000000e+000
     0.000000e+000
     3.938843e-004
     0.000000e+000
     0.000000e+000
     0.000000e+000
     0.000000e+000
     0.000000e+000
     0.000000e+000
     0.000000e+000
     0.000000e+000
     0.000000e+000
     1.457754e-003
     0.000000e+000
     0.000000e+000
     0.000000e+000
     0.000000e+000
     0.000000e+000
     7.804317e-004
     0.000000e+000
     2.288272e-003
     0.000000e+000
     0.000000e+000
     0.000000e+000
     0.000000e+000
     0.000000e+000
     0.000000e+000
     0.000000e+000
     0.000000e+000
     3.780716e-003
     0.000000e+000
     0.000000e+000
     0.000000e+000
     0.000000e+000
     0.000000e+000
     0.000000e+000
     0.000000e+000
     0.000000e+000
     0.000000e+000
     8.663716e-004
     1.226137e-003
     0.000000e+000
     0.000000e+000
     0.000000e+000
     0.000000e+000
     0.000000e+000
     0.000000e+000
     7.999932e-004
     0.000000e+000
     0.000000e+000
     0.000000e+000
     0.000000e+000
     0.000000e+000
     0.000000e+000
     0.000000e+000
     0.000000e+000
     6.763403e-007
     0.000000e+000
     0.000000e+000
     0.000000e+000
     0.000000e+000
     0.000000e+000
     0.000000e+000
     0.000000e+000
     0.000000e+000
     0.000000e+000
     0.000000e+000
     0.000000e+000
     0.000000e+000
     0.000000e+000
     0.000000e+000
     0.000000e+000
     0.000000e+000
     0.000000e+000
     0.000000e+000
     0.000000e+000
     0.000000e+000
     0.000000e+000
     6.491832e-003
     0.000000e+000
     0.000000e+000
     9.838159e-003
     0.000000e+000
     8.696340e-004
     0.000000e+000
     0.000000e+000
     0.000000e+000
     0.000000e+000
     0.000000e+000
     0.000000e+000
     0.000000e+000
     0.000000e+000
     0.000000e+000
     0.000000e+000
     0.000000e+000
     0.000000e+000
     0.000000e+000
     3.051398e-004
     0.000000e+000
     2.391896e-003
     0.000000e+000
     0.000000e+000
     0.000000e+000
     0.000000e+000
     0.000000e+000
     0.000000e+000
     0.000000e+000
     0.000000e+000
     0.000000e+000
     0.000000e+000
     0.000000e+000
     0.000000e+000
     0.000000e+000
     0.000000e+000
     0.000000e+000
     0.000000e+000
     0.000000e+000
     0.000000e+000
     0.000000e+000
     0.000000e+000
     0.000000e+000
     0.000000e+000
     0.000000e+000
     0.000000e+000
     0.000000e+000
     0.000000e+000
     0.000000e+000
     3.196231e-003
     0.000000e+000
     0.000000e+000
     0.000000e+000
     0.000000e+000
     0.000000e+000
     0.000000e+000
     0.000000e+000
     0.000000e+000
     0.000000e+000
     0.000000e+000
     0.000000e+000
     0.000000e+000
     0.000000e+000
     1.276867e-003
     0.000000e+000
     0.000000e+000
     0.000000e+000
     3.281107e-003
     0.000000e+000
     0.000000e+000
     0.000000e+000
     0.000000e+000
     0.000000e+000
     0.000000e+000
     0.000000e+000
     0.000000e+000
     0.000000e+000
     0.000000e+000
     0.000000e+000
     0.000000e+000
     0.000000e+000
     0.000000e+000
     0.000000e+000
     0.000000e+000
     0.000000e+000
     0.000000e+000
     0.000000e+000
     0.000000e+000
     0.000000e+000
     0.000000e+000
     0.000000e+000
     0.000000e+000
     0.000000e+000
     0.000000e+000
     0.000000e+000
     0.000000e+000
     0.000000e+000
     0.000000e+000
     0.000000e+000
     0.000000e+000
     0.000000e+000
     0.000000e+000
     0.000000e+000
     0.000000e+000
     0.000000e+000
     0.000000e+000
     0.000000e+000
     0.000000e+000
     1.424694e-003
     0.000000e+000
     0.000000e+000
     0.000000e+000
     0.000000e+000
     0.000000e+000
     0.000000e+000
     0.000000e+000
     0.000000e+000
     0.000000e+000
     0.000000e+000
     5.508831e-004
     0.000000e+000
     0.000000e+000
     0.000000e+000
     0.000000e+000
     0.000000e+000
     0.000000e+000
     0.000000e+000
     0.000000e+000
     0.000000e+000
     0.000000e+000
     0.000000e+000
     0.000000e+000
     0.000000e+000
     9.191683e-004
     0.000000e+000
     0.000000e+000
     4.367930e-003
     0.000000e+000
     0.000000e+000
     0.000000e+000
     0.000000e+000
     0.000000e+000
     0.000000e+000
     0.000000e+000
     0.000000e+000
     0.000000e+000
     0.000000e+000
     0.000000e+000
     0.000000e+000
     1.924990e-003
     0.000000e+000
     0.000000e+000
     0.000000e+000
     0.000000e+000
     0.000000e+000
     0.000000e+000
     0.000000e+000
     0.000000e+000
     0.000000e+000
     0.000000e+000
     0.000000e+000
     0.000000e+000
     0.000000e+000
     0.000000e+000
     0.000000e+000
     0.000000e+000
     0.000000e+000
     0.000000e+000
     0.000000e+000
     0.000000e+000
     0.000000e+000
     0.000000e+000
     0.000000e+000
     0.000000e+000
     0.000000e+000
     0.000000e+000
     0.000000e+000
     0.000000e+000
     0.000000e+000
     0.000000e+000
     0.000000e+000
     0.000000e+000
     0.000000e+000
     0.000000e+000
     4.030169e-004
     0.000000e+000
     0.000000e+000
     0.000000e+000
     0.000000e+000
     0.000000e+000
     0.000000e+000
     0.000000e+000
     0.000000e+000
     0.000000e+000
     0.000000e+000
     0.000000e+000
     0.000000e+000
     5.206134e-003
     0.000000e+000
     0.000000e+000
     0.000000e+000
     0.000000e+000
     0.000000e+000
     0.000000e+000
     0.000000e+000
     0.000000e+000
     0.000000e+000
     0.000000e+000
     0.000000e+000
     0.000000e+000
     0.000000e+000
     0.000000e+000
     0.000000e+000
     0.000000e+000
     0.000000e+000
     0.000000e+000
     1.064831e-003
     0.000000e+000
     1.512036e-003
     0.000000e+000
     0.000000e+000
     0.000000e+000
     0.000000e+000
     5.133186e-003
     0.000000e+000
     0.000000e+000
     0.000000e+000
     0.000000e+000
     0.000000e+000
     1.590263e-003
     0.000000e+000
     0.000000e+000
     0.000000e+000
     0.000000e+000
     0.000000e+000
     0.000000e+000
     0.000000e+000
     0.000000e+000
     4.226065e-003
     5.425581e-004
     0.000000e+000
     0.000000e+000
     0.000000e+000
     0.000000e+000
     1.410437e-003
     0.000000e+000
     0.000000e+000
     0.000000e+000
     0.000000e+000
     3.650167e-003
     1.690131e-002
     0.000000e+000
     0.000000e+000
     0.000000e+000
     0.000000e+000
     0.000000e+000
     0.000000e+000
     0.000000e+000
     0.000000e+000
     0.000000e+000
     0.000000e+000
     0.000000e+000
     0.000000e+000
     0.000000e+000
     0.000000e+000
     1.406295e-003
     0.000000e+000
     0.000000e+000
     0.000000e+000
     0.000000e+000
     0.000000e+000
     0.000000e+000
     0.000000e+000
     0.000000e+000
     0.000000e+000
     0.000000e+000
     0.000000e+000
     0.000000e+000
     0.000000e+000
     0.000000e+000
     1.678650e-002
     9.420526e-004
     0.000000e+000
     0.000000e+000
     1.699340e-003
     0.000000e+000
     0.000000e+000
     0.000000e+000
     2.540887e-002
     0.000000e+000
     0.000000e+000
     0.000000e+000
     0.000000e+000
     0.000000e+000
     0.000000e+000
     3.844023e-003
     0.000000e+000
     0.000000e+000
     0.000000e+000
     0.000000e+000
     1.156715e-003
     0.000000e+000
     0.000000e+000
     0.000000e+000
     0.000000e+000
     0.000000e+000
     0.000000e+000
     0.000000e+000
     1.837377e-003
     0.000000e+000
     0.000000e+000
     0.000000e+000
     5.844224e-004
     0.000000e+000
     0.000000e+000
     0.000000e+000
     0.000000e+000
     0.000000e+000
     0.000000e+000
     0.000000e+000
     0.000000e+000
     0.000000e+000
     0.000000e+000
     0.000000e+000
     0.000000e+000
     0.000000e+000
     0.000000e+000
     0.000000e+000
     0.000000e+000
     0.000000e+000
     0.000000e+000
     4.408676e-004
     0.000000e+000
     1.512907e-003
     0.000000e+000
     0.000000e+000
     0.000000e+000
     0.000000e+000
     0.000000e+000
     0.000000e+000
     0.000000e+000
     0.000000e+000
     3.087418e-003
     2.377374e-003
     0.000000e+000
     0.000000e+000
     0.000000e+000
     0.000000e+000
     0.000000e+000
     0.000000e+000
     0.000000e+000
     0.000000e+000
     0.000000e+000
     0.000000e+000
     0.000000e+000
     0.000000e+000
     0.000000e+000
     0.000000e+000
     0.000000e+000
     0.000000e+000
     0.000000e+000
     0.000000e+000
     0.000000e+000
     0.000000e+000
     0.000000e+000
     0.000000e+000
     1.445057e-003
     0.000000e+000
     0.000000e+000
     0.000000e+000
     0.000000e+000
     0.000000e+000
     0.000000e+000
     0.000000e+000
     0.000000e+000
     0.000000e+000
     0.000000e+000
     0.000000e+000
     0.000000e+000
     0.000000e+000
     0.000000e+000
     1.094644e-003
     0.000000e+000
     0.000000e+000
     0.000000e+000
     0.000000e+000
     0.000000e+000
     0.000000e+000
     0.000000e+000
     0.000000e+000
     0.000000e+000
     0.000000e+000
     0.000000e+000
     0.000000e+000
     0.000000e+000
     0.000000e+000
     0.000000e+000
     0.000000e+000
     0.000000e+000
     0.000000e+000
     0.000000e+000
     1.015169e-003
     0.000000e+000
     0.000000e+000
     0.000000e+000
     0.000000e+000
     0.000000e+000
     0.000000e+000
     0.000000e+000
     0.000000e+000
     0.000000e+000
     0.000000e+000
     0.000000e+000
     0.000000e+000
     0.000000e+000
     0.000000e+000
     0.000000e+000
     0.000000e+000
     0.000000e+000
     0.000000e+000
     0.000000e+000
     0.000000e+000
     0.000000e+000
     0.000000e+000
     0.000000e+000
     0.000000e+000
     0.000000e+000
     0.000000e+000
     0.000000e+000
     0.000000e+000
     0.000000e+000
     0.000000e+000
     0.000000e+000
     0.000000e+000
     0.000000e+000
     0.000000e+000
     0.000000e+000
     0.000000e+000
     1.774459e-003
     0.000000e+000
     0.000000e+000
     0.000000e+000
     0.000000e+000
     0.000000e+000
     0.000000e+000
     0.000000e+000
     0.000000e+000
     0.000000e+000
     1.931999e-003
     0.000000e+000
     9.263656e-003
     0.000000e+000
     0.000000e+000
     1.825536e-003
     0.000000e+000
     0.000000e+000
     0.000000e+000
     0.000000e+000
     8.849865e-004
     0.000000e+000
     0.000000e+000
     0.000000e+000
     0.000000e+000
     0.000000e+000
     0.000000e+000
     0.000000e+000
     0.000000e+000
     0.000000e+000
     0.000000e+000
     0.000000e+000
     0.000000e+000
     0.000000e+000
     0.000000e+000
     0.000000e+000
     0.000000e+000
     1.206246e-004
     0.000000e+000
     0.000000e+000
     0.000000e+000
     0.000000e+000
     3.250549e-003
     5.765189e-004
     0.000000e+000
     0.000000e+000
     0.000000e+000
     0.000000e+000
     0.000000e+000
     0.000000e+000
     0.000000e+000
     0.000000e+000
     0.000000e+000
     0.000000e+000
     0.000000e+000
     1.558764e-004
     0.000000e+000
     2.435982e-004
     0.000000e+000
     0.000000e+000
     0.000000e+000
     0.000000e+000
     0.000000e+000
     1.954837e-003
     0.000000e+000
     1.004046e-003
     1.433833e-003
     0.000000e+000
     0.000000e+000
     0.000000e+000
     0.000000e+000
     0.000000e+000
     1.127413e-003
     0.000000e+000
     0.000000e+000
     0.000000e+000
     0.000000e+000
     0.000000e+000
     0.000000e+000
     0.000000e+000
     0.000000e+000
     0.000000e+000
     0.000000e+000
     0.000000e+000
     0.000000e+000
     0.000000e+000
     0.000000e+000
     1.249458e-003
     0.000000e+000
     0.000000e+000
     0.000000e+000
     0.000000e+000
     0.000000e+000
     1.105956e-003
     0.000000e+000
     0.000000e+000
     0.000000e+000
     0.000000e+000
     0.000000e+000
     0.000000e+000
     0.000000e+000
     0.000000e+000
     0.000000e+000
     0.000000e+000
     0.000000e+000
     0.000000e+000
     0.000000e+000
     0.000000e+000
     0.000000e+000
     0.000000e+000
     0.000000e+000
     0.000000e+000
     0.000000e+000
     0.000000e+000
     0.000000e+000
     0.000000e+000
     0.000000e+000
     6.079750e-003
     0.000000e+000
     0.000000e+000
     0.000000e+000
     1.000056e-003
     0.000000e+000
     0.000000e+000
     0.000000e+000
     0.000000e+000
     0.000000e+000
     0.000000e+000
     0.000000e+000
     0.000000e+000
     7.452157e-004
     0.000000e+000
     0.000000e+000
     0.000000e+000
     0.000000e+000
     0.000000e+000
     0.000000e+000
     0.000000e+000
     0.000000e+000
     0.000000e+000
     0.000000e+000
     0.000000e+000
     0.000000e+000
     0.000000e+000
     0.000000e+000
     0.000000e+000
     0.000000e+000
     0.000000e+000
     0.000000e+000
     0.000000e+000
     0.000000e+000
     0.000000e+000
     0.000000e+000
     0.000000e+000
     0.000000e+000
     0.000000e+000
     0.000000e+000
     4.226395e-003
     0.000000e+000
     0.000000e+000
     0.000000e+000
     0.000000e+000
     0.000000e+000
     0.000000e+000
     0.000000e+000
     0.000000e+000
     4.348996e-003
     0.000000e+000
     1.269966e-003
     0.000000e+000
     2.714037e-003
     0.000000e+000
     0.000000e+000
     0.000000e+000
     0.000000e+000
     0.000000e+000
     0.000000e+000
     0.000000e+000
     0.000000e+000
     0.000000e+000
     0.000000e+000
     0.000000e+000
     0.000000e+000
     0.000000e+000
     2.463005e-003
     0.000000e+000
     0.000000e+000
     0.000000e+000
     0.000000e+000
     0.000000e+000
     0.000000e+000
     0.000000e+000
     0.000000e+000
     0.000000e+000
     0.000000e+000
     0.000000e+000
     0.000000e+000
     0.000000e+000
     0.000000e+000
     0.000000e+000
     0.000000e+000
     9.840725e-004
     0.000000e+000
     0.000000e+000
     0.000000e+000
     0.000000e+000
     0.000000e+000
     0.000000e+000
     0.000000e+000
     0.000000e+000
     1.195861e-004
     0.000000e+000
     0.000000e+000
     0.000000e+000
     0.000000e+000
     0.000000e+000
     0.000000e+000
     0.000000e+000
     0.000000e+000
     0.000000e+000
     0.000000e+000
     0.000000e+000
     0.000000e+000
     0.000000e+000
     0.000000e+000
     0.000000e+000
     0.000000e+000
     0.000000e+000
     6.935527e-003
     0.000000e+000
     0.000000e+000
     0.000000e+000
     0.000000e+000
     6.223597e-003
     8.234419e-004
     1.616328e-003
     0.000000e+000
     0.000000e+000
     0.000000e+000
     0.000000e+000
     0.000000e+000
     0.000000e+000
     0.000000e+000
     0.000000e+000
     0.000000e+000
     0.000000e+000
     0.000000e+000
     0.000000e+000
     0.000000e+000
     0.000000e+000
     0.000000e+000
     0.000000e+000
     0.000000e+000
     0.000000e+000
     0.000000e+000
     4.382685e-004
     0.000000e+000
     0.000000e+000
     7.902007e-003
     0.000000e+000
     0.000000e+000
     0.000000e+000
     0.000000e+000
     0.000000e+000
     0.000000e+000
     9.969829e-004
     0.000000e+000
     0.000000e+000
     0.000000e+000
     1.403023e-003
     0.000000e+000
     0.000000e+000
     0.000000e+000
     0.000000e+000
     0.000000e+000
     0.000000e+000
     0.000000e+000
     0.000000e+000
     0.000000e+000
     0.000000e+000
     0.000000e+000
     1.289803e-003
     3.291583e-003
     0.000000e+000
     1.506296e-003
     0.000000e+000
     0.000000e+000
     0.000000e+000
     0.000000e+000
     0.000000e+000
     0.000000e+000
     0.000000e+000
     1.000564e-003
     0.000000e+000
     0.000000e+000
     0.000000e+000
     0.000000e+000
     0.000000e+000
     0.000000e+000
     0.000000e+000
     6.966973e-004
     0.000000e+000
     1.445503e-004
     0.000000e+000
     0.000000e+000
     0.000000e+000
     0.000000e+000
     0.000000e+000
     0.000000e+000
     0.000000e+000
     1.529680e-003
     0.000000e+000
     0.000000e+000
     0.000000e+000
     0.000000e+000
     0.000000e+000
     2.312286e-003
     0.000000e+000
     0.000000e+000
     0.000000e+000
     0.000000e+000
     0.000000e+000
     0.000000e+000
     0.000000e+000
     0.000000e+000
     0.000000e+000
     0.000000e+000
     0.000000e+000
     0.000000e+000
     0.000000e+000
     0.000000e+000
     0.000000e+000
     0.000000e+000
     0.000000e+000
     0.000000e+000
     0.000000e+000
     0.000000e+000
     4.088917e-003
     0.000000e+000
     0.000000e+000
     0.000000e+000
     0.000000e+000
     0.000000e+000
     8.676496e-004
     0.000000e+000
     1.898562e-003
     0.000000e+000
     4.688933e-004
     0.000000e+000
     0.000000e+000
     0.000000e+000
     0.000000e+000
     1.658743e-002
     0.000000e+000
     0.000000e+000
     0.000000e+000
     5.555714e-004
     0.000000e+000
     0.000000e+000
     0.000000e+000
     0.000000e+000
     0.000000e+000
     0.000000e+000
     0.000000e+000
     0.000000e+000
     0.000000e+000
     1.245769e-003
     0.000000e+000
     0.000000e+000
     0.000000e+000
     0.000000e+000
     0.000000e+000
     6.462753e-004
     0.000000e+000
     8.877941e-004
     0.000000e+000
     0.000000e+000
     7.942171e-003
     0.000000e+000
     0.000000e+000
     1.090528e-002
     0.000000e+000
     0.000000e+000
     0.000000e+000
     7.810262e-003
     0.000000e+000
     0.000000e+000
     0.000000e+000
     0.000000e+000
     0.000000e+000
     1.235135e-003
     0.000000e+000
     9.682882e-004
     0.000000e+000
     0.000000e+000
     0.000000e+000
     0.000000e+000
     0.000000e+000
     0.000000e+000
     0.000000e+000
     0.000000e+000
     0.000000e+000
     1.390584e-003
     0.000000e+000
     0.000000e+000
     0.000000e+000
     0.000000e+000
     0.000000e+000
     0.000000e+000
     0.000000e+000
     0.000000e+000
     0.000000e+000
     0.000000e+000
     0.000000e+000
     0.000000e+000
     0.000000e+000
     0.000000e+000
     0.000000e+000
     0.000000e+000
     0.000000e+000
     2.902192e-003
     0.000000e+000
     0.000000e+000
     0.000000e+000
     0.000000e+000
     0.000000e+000
     0.000000e+000
     0.000000e+000
     2.925152e-003
     0.000000e+000
     0.000000e+000
     0.000000e+000
     0.000000e+000
     0.000000e+000
     0.000000e+000
     0.000000e+000
     0.000000e+000
     0.000000e+000
     0.000000e+000
     0.000000e+000
     8.519482e-004
     0.000000e+000
     3.770665e-004
     0.000000e+000
     6.491750e-004
     0.000000e+000
     0.000000e+000
     0.000000e+000
     0.000000e+000
     3.041249e-004
     0.000000e+000
     0.000000e+000
     0.000000e+000
     2.251206e-005
     0.000000e+000
     0.000000e+000
     0.000000e+000
     1.099692e-003
     0.000000e+000
     0.000000e+000
     0.000000e+000
     0.000000e+000
     0.000000e+000
     0.000000e+000
     0.000000e+000
     0.000000e+000
     0.000000e+000
     0.000000e+000
     0.000000e+000
     0.000000e+000
     0.000000e+000
     0.000000e+000
     1.671666e-002
     0.000000e+000
     0.000000e+000
     0.000000e+000
     0.000000e+000
     0.000000e+000
     0.000000e+000
     0.000000e+000
     0.000000e+000
     0.000000e+000
     9.887752e-004
     0.000000e+000
     0.000000e+000
     0.000000e+000
     0.000000e+000
     0.000000e+000
     0.000000e+000
     0.000000e+000
     0.000000e+000
     0.000000e+000
     0.000000e+000
     0.000000e+000
     0.000000e+000
     0.000000e+000
     0.000000e+000
     0.000000e+000
     1.666510e-004
     0.000000e+000
     0.000000e+000
     0.000000e+000
     0.000000e+000
     0.000000e+000
     0.000000e+000
     1.504568e-003
     3.523922e-004
     0.000000e+000
     0.000000e+000
     0.000000e+000
     0.000000e+000
     0.000000e+000
     0.000000e+000
     0.000000e+000
     0.000000e+000
     0.000000e+000
     0.000000e+000
     0.000000e+000
     0.000000e+000
     0.000000e+000
     1.525997e-003
     0.000000e+000
     0.000000e+000
     0.000000e+000
     1.849630e-003
     0.000000e+000
     0.000000e+000
     0.000000e+000
     0.000000e+000
     0.000000e+000
     0.000000e+000
     0.000000e+000
     8.102602e-004
     0.000000e+000
     0.000000e+000
     0.000000e+000
     0.000000e+000
     0.000000e+000
     0.000000e+000
     0.000000e+000
     0.000000e+000
     0.000000e+000
     0.000000e+000
     0.000000e+000
     0.000000e+000
     0.000000e+000
     0.000000e+000
     0.000000e+000
     0.000000e+000
     0.000000e+000
     0.000000e+000
     0.000000e+000
     0.000000e+000
     5.880069e-005
     0.000000e+000
     0.000000e+000
     0.000000e+000
     0.000000e+000
     0.000000e+000
     8.006713e-004
     1.597161e-004
     0.000000e+000
     0.000000e+000
     0.000000e+000
     0.000000e+000
     0.000000e+000
     0.000000e+000
     0.000000e+000
     0.000000e+000
     0.000000e+000
     0.000000e+000
     0.000000e+000
     0.000000e+000
     0.000000e+000
     6.229439e-003
     0.000000e+000
     0.000000e+000
     0.000000e+000
     0.000000e+000
     0.000000e+000
     0.000000e+000
     0.000000e+000
     0.000000e+000
     0.000000e+000
     0.000000e+000
     0.000000e+000
     0.000000e+000
     0.000000e+000
     0.000000e+000
     5.783607e-003
     0.000000e+000
     0.000000e+000
     0.000000e+000
     8.658160e-004
     0.000000e+000
     0.000000e+000
     2.145459e-004
     0.000000e+000
     0.000000e+000
     0.000000e+000
     3.528360e-003
     0.000000e+000
     0.000000e+000
     0.000000e+000
     8.543689e-004
     0.000000e+000
     0.000000e+000
     0.000000e+000
     0.000000e+000
     3.900694e-003
     8.810937e-004
     0.000000e+000
     0.000000e+000
     0.000000e+000
     0.000000e+000
     0.000000e+000
     0.000000e+000
     0.000000e+000
     0.000000e+000
     0.000000e+000
     0.000000e+000
     0.000000e+000
     0.000000e+000
     0.000000e+000
     0.000000e+000
     0.000000e+000
     0.000000e+000
     0.000000e+000
     0.000000e+000
     2.713723e-004
     0.000000e+000
     0.000000e+000
     0.000000e+000
     0.000000e+000
     0.000000e+000
     0.000000e+000
     6.103612e-004
     0.000000e+000
     0.000000e+000
     1.468205e-003
     0.000000e+000
     0.000000e+000
     0.000000e+000
     0.000000e+000
     0.000000e+000
     0.000000e+000
     0.000000e+000
     0.000000e+000
     0.000000e+000
     0.000000e+000
     0.000000e+000
     0.000000e+000
     0.000000e+000
     0.000000e+000
     0.000000e+000
     0.000000e+000
     0.000000e+000
     0.000000e+000
     0.000000e+000
     0.000000e+000
     0.000000e+000
     0.000000e+000
     0.000000e+000
     8.243152e-003
     0.000000e+000
     0.000000e+000
     0.000000e+000
     0.000000e+000
     0.000000e+000
     3.694148e-003
     0.000000e+000
     0.000000e+000
     0.000000e+000
     0.000000e+000
     0.000000e+000
     0.000000e+000
     0.000000e+000
     0.000000e+000
     0.000000e+000
     0.000000e+000
     0.000000e+000
     0.000000e+000
     0.000000e+000
     0.000000e+000
     0.000000e+000
     0.000000e+000
     5.301421e-004
     0.000000e+000
     0.000000e+000
     0.000000e+000
     0.000000e+000
     0.000000e+000
     0.000000e+000
     0.000000e+000
     0.000000e+000
     0.000000e+000
     9.605869e-004
     0.000000e+000
     0.000000e+000
     1.745288e-003
     0.000000e+000
     1.161303e-002
     1.597530e-003
     0.000000e+000
     0.000000e+000
     0.000000e+000
     0.000000e+000
     2.731483e-004
     0.000000e+000
     0.000000e+000
     0.000000e+000
     0.000000e+000
     0.000000e+000
     0.000000e+000
     0.000000e+000
     0.000000e+000
     0.000000e+000
     0.000000e+000
     2.594742e-003
     0.000000e+000
     0.000000e+000
     1.120353e-002
     0.000000e+000
     0.000000e+000
     0.000000e+000
     0.000000e+000
     0.000000e+000
     1.183732e-003
     0.000000e+000
     0.000000e+000
     0.000000e+000
     0.000000e+000
     0.000000e+000
     0.000000e+000
     0.000000e+000
     0.000000e+000
     0.000000e+000
     0.000000e+000
     0.000000e+000
     0.000000e+000
     0.000000e+000
     0.000000e+000
     0.000000e+000
     0.000000e+000
     0.000000e+000
     0.000000e+000
     0.000000e+000
     0.000000e+000
     0.000000e+000
     0.000000e+000
     0.000000e+000
     9.034033e-005
     0.000000e+000
     4.291855e-004
     0.000000e+000
     0.000000e+000
     0.000000e+000
     0.000000e+000
     0.000000e+000
     0.000000e+000
     0.000000e+000
     0.000000e+000
     0.000000e+000
     0.000000e+000
     0.000000e+000
     0.000000e+000
     0.000000e+000
     0.000000e+000
     0.000000e+000
     0.000000e+000
     0.000000e+000
     0.000000e+000
     0.000000e+000
     0.000000e+000
     2.128752e-003
     0.000000e+000
     0.000000e+000
     0.000000e+000
     0.000000e+000
     0.000000e+000
     0.000000e+000
     3.049458e-003
     0.000000e+000
     0.000000e+000
     0.000000e+000
     0.000000e+000
     3.835597e-003
     0.000000e+000
     0.000000e+000
     0.000000e+000
     0.000000e+000
     0.000000e+000
     0.000000e+000
     0.000000e+000
     0.000000e+000
     0.000000e+000
     0.000000e+000
     0.000000e+000
     0.000000e+000
     0.000000e+000
     0.000000e+000
     0.000000e+000
     1.862351e-003
     0.000000e+000
     0.000000e+000
     3.557348e-004
     0.000000e+000
     0.000000e+000
     0.000000e+000
     1.383049e-003
     0.000000e+000
     0.000000e+000
     0.000000e+000
     0.000000e+000
     0.000000e+000
     0.000000e+000
     0.000000e+000
     0.000000e+000
     1.367185e-003
     0.000000e+000
     0.000000e+000
     0.000000e+000
     0.000000e+000
     0.000000e+000
     0.000000e+000
     0.000000e+000
     0.000000e+000
     0.000000e+000
     0.000000e+000
     0.000000e+000
     0.000000e+000
     0.000000e+000
     0.000000e+000
     0.000000e+000
     0.000000e+000
     0.000000e+000
     1.463187e-003
     0.000000e+000
     0.000000e+000
     0.000000e+000
     0.000000e+000
     0.000000e+000
     0.000000e+000
     0.000000e+000
     0.000000e+000
     2.183118e-003
     0.000000e+000
     0.000000e+000
     0.000000e+000
     0.000000e+000
     0.000000e+000
     0.000000e+000
     0.000000e+000
     0.000000e+000
     0.000000e+000
     0.000000e+000
     1.465314e-003
     2.240489e-002
     0.000000e+000
     2.945338e-003
     8.488742e-004
     0.000000e+000
     0.000000e+000
     0.000000e+000
     0.000000e+000
     0.000000e+000
     2.922769e-003
     0.000000e+000
     5.997144e-004
     0.000000e+000
     0.000000e+000
     8.078862e-004
     1.454991e-004
     0.000000e+000
     0.000000e+000
     0.000000e+000
     0.000000e+000
     0.000000e+000
     0.000000e+000
     0.000000e+000
     0.000000e+000
     0.000000e+000
     0.000000e+000
     0.000000e+000
     0.000000e+000
     0.000000e+000
     0.000000e+000
     0.000000e+000
     0.000000e+000
     0.000000e+000
     0.000000e+000
     0.000000e+000
     0.000000e+000
     0.000000e+000
     0.000000e+000
     0.000000e+000
     0.000000e+000
     9.993506e-004
     0.000000e+000
     0.000000e+000
     0.000000e+000
     0.000000e+000
     0.000000e+000
     0.000000e+000
     0.000000e+000
     0.000000e+000
     0.000000e+000
     0.000000e+000
     0.000000e+000
     0.000000e+000
     0.000000e+000
     1.362650e-003
     0.000000e+000
     1.693343e-003
     0.000000e+000
     0.000000e+000
     0.000000e+000
     0.000000e+000
     0.000000e+000
     0.000000e+000
     0.000000e+000
     0.000000e+000
     0.000000e+000
     0.000000e+000
     0.000000e+000
     0.000000e+000
     0.000000e+000
     1.843556e-002
     0.000000e+000
     0.000000e+000
     0.000000e+000
     0.000000e+000
     0.000000e+000
     0.000000e+000
     0.000000e+000
     1.141429e-003
     0.000000e+000
     0.000000e+000
     0.000000e+000
     0.000000e+000
     1.226691e-002
     0.000000e+000
     0.000000e+000
     0.000000e+000
     0.000000e+000
     0.000000e+000
     0.000000e+000
     0.000000e+000
     0.000000e+000
     0.000000e+000
     0.000000e+000
     0.000000e+000
     0.000000e+000
     0.000000e+000
     0.000000e+000
     0.000000e+000
     0.000000e+000
     0.000000e+000
     0.000000e+000
     0.000000e+000
     0.000000e+000
     0.000000e+000
     0.000000e+000
     0.000000e+000
     0.000000e+000
     0.000000e+000
     0.000000e+000
     0.000000e+000
     0.000000e+000
     0.000000e+000
     0.000000e+000
     0.000000e+000
     0.000000e+000
     0.000000e+000
     1.932250e-003
     1.135303e-002
     0.000000e+000
     0.000000e+000
     0.000000e+000
     0.000000e+000
     0.000000e+000
     0.000000e+000
     1.207063e-003
     0.000000e+000
     1.029187e-003
     0.000000e+000
     0.000000e+000
     6.376451e-004
     0.000000e+000
     0.000000e+000
     1.052750e-003
     0.000000e+000
     0.000000e+000
     0.000000e+000
     0.000000e+000
     9.077422e-004
     0.000000e+000
     0.000000e+000
     1.719920e-002
     0.000000e+000
     0.000000e+000
     0.000000e+000
     0.000000e+000
     0.000000e+000
     0.000000e+000
     1.534792e-003
     0.000000e+000
     0.000000e+000
     1.700187e-003
     0.000000e+000
     0.000000e+000
     0.000000e+000
     0.000000e+000
     0.000000e+000
     0.000000e+000
     0.000000e+000
     0.000000e+000
     0.000000e+000
     1.760101e-003
     0.000000e+000
     0.000000e+000
     0.000000e+000
     0.000000e+000
     0.000000e+000
     2.005828e-003
     0.000000e+000
     0.000000e+000
     0.000000e+000
     0.000000e+000
     6.510609e-004
     0.000000e+000
     0.000000e+000
     3.240360e-003
     0.000000e+000
     0.000000e+000
     0.000000e+000
     0.000000e+000
     0.000000e+000
     0.000000e+000
     1.662959e-003
     0.000000e+000
     0.000000e+000
     8.262835e-004
     1.828210e-004
     0.000000e+000
     0.000000e+000
     0.000000e+000
     0.000000e+000
     0.000000e+000
     0.000000e+000
     0.000000e+000
     0.000000e+000
     0.000000e+000
     0.000000e+000
     0.000000e+000
     0.000000e+000
     0.000000e+000
     0.000000e+000
     0.000000e+000
     0.000000e+000
     0.000000e+000
     0.000000e+000
     0.000000e+000
     0.000000e+000
     0.000000e+000
     2.661531e-002
     0.000000e+000
     0.000000e+000
     0.000000e+000
     0.000000e+000
     0.000000e+000
     0.000000e+000
     0.000000e+000
     0.000000e+000
     0.000000e+000
     0.000000e+000
     0.000000e+000
     0.000000e+000
     0.000000e+000
     0.000000e+000
     0.000000e+000
     0.000000e+000
     1.834977e-003
     0.000000e+000
     2.102439e-003
     0.000000e+000
     0.000000e+000
     0.000000e+000
     2.691415e-003
     0.000000e+000
     0.000000e+000
     0.000000e+000
     0.000000e+000
     0.000000e+000
     0.000000e+000
     0.000000e+000
     0.000000e+000
     0.000000e+000
     0.000000e+000
     0.000000e+000
     0.000000e+000
     0.000000e+000
     1.043661e-002
     0.000000e+000
     4.146875e-004
     0.000000e+000
     0.000000e+000
     0.000000e+000
     0.000000e+000
     0.000000e+000
     0.000000e+000
     0.000000e+000
     0.000000e+000
     8.396227e-004
     0.000000e+000
     0.000000e+000
     0.000000e+000
     0.000000e+000
     0.000000e+000
     0.000000e+000
     0.000000e+000
     0.000000e+000
     0.000000e+000
     0.000000e+000
     0.000000e+000
     0.000000e+000
     0.000000e+000
     0.000000e+000
     0.000000e+000
     0.000000e+000
     0.000000e+000
     0.000000e+000
     0.000000e+000
     0.000000e+000
     0.000000e+000
     1.672607e-003
     0.000000e+000
     0.000000e+000
     0.000000e+000
     0.000000e+000
     0.000000e+000
     0.000000e+000
     0.000000e+000
     0.000000e+000
     1.064667e-003
     0.000000e+000
     9.862514e-004
     0.000000e+000
     0.000000e+000
     0.000000e+000
     0.000000e+000
     0.000000e+000
     0.000000e+000
     0.000000e+000
     3.570065e-003
     0.000000e+000
     0.000000e+000
     2.303620e-003
     0.000000e+000
     0.000000e+000
     0.000000e+000
     0.000000e+000
     0.000000e+000
     0.000000e+000
     0.000000e+000
     0.000000e+000
     0.000000e+000
     0.000000e+000
     0.000000e+000
     0.000000e+000
     0.000000e+000
     0.000000e+000
     0.000000e+000
     0.000000e+000
     0.000000e+000
     0.000000e+000
     0.000000e+000
     0.000000e+000
     0.000000e+000
     0.000000e+000
     0.000000e+000
     0.000000e+000
     0.000000e+000
     0.000000e+000
     0.000000e+000
     0.000000e+000
     0.000000e+000
     0.000000e+000
     0.000000e+000
     0.000000e+000
     0.000000e+000
     0.000000e+000
     0.000000e+000
     0.000000e+000
     0.000000e+000
     0.000000e+000
     0.000000e+000
     0.000000e+000
     0.000000e+000
     0.000000e+000
     0.000000e+000
     0.000000e+000
     0.000000e+000
     0.000000e+000
     0.000000e+000
     0.000000e+000
     0.000000e+000
     1.968884e-003
     3.759521e-004
     0.000000e+000
     0.000000e+000
     0.000000e+000
     0.000000e+000
     0.000000e+000
     0.000000e+000
     0.000000e+000
     0.000000e+000
     0.000000e+000
     0.000000e+000
     0.000000e+000
     0.000000e+000
     0.000000e+000
     2.996292e-003
     0.000000e+000
     0.000000e+000
     0.000000e+000
     0.000000e+000
     0.000000e+000
     4.369423e-003
     2.249681e-003
     0.000000e+000
     4.289350e-003
     0.000000e+000
     0.000000e+000
     9.247339e-003
     0.000000e+000
     0.000000e+000
     0.000000e+000
     0.000000e+000
     3.233625e-003
     0.000000e+000
     0.000000e+000
     0.000000e+000
     6.821644e-003
     8.656157e-003
     1.682365e-004
     0.000000e+000
     0.000000e+000
     1.839488e-003
     0.000000e+000
     0.000000e+000
     0.000000e+000
     0.000000e+000
     0.000000e+000
     0.000000e+000
     0.000000e+000
     0.000000e+000
     2.985937e-004
     0.000000e+000
     0.000000e+000
     0.000000e+000
     5.992362e-003
     0.000000e+000
     0.000000e+000
     0.000000e+000
     0.000000e+000
     0.000000e+000
     0.000000e+000
     8.593356e-003
     0.000000e+000
     0.000000e+000
     0.000000e+000
     1.021187e-002
     4.028415e-003
     0.000000e+000
     0.000000e+000
     0.000000e+000
     0.000000e+000
     0.000000e+000
     0.000000e+000
     0.000000e+000
     0.000000e+000
     0.000000e+000
     1.502712e-003
     0.000000e+000
     0.000000e+000
     0.000000e+000
     0.000000e+000
     0.000000e+000
     0.000000e+000
     0.000000e+000
     0.000000e+000
     0.000000e+000
     0.000000e+000
     0.000000e+000
     0.000000e+000
     0.000000e+000
     0.000000e+000
     0.000000e+000
     1.268438e-003
     0.000000e+000
     0.000000e+000
     0.000000e+000
     0.000000e+000
     0.000000e+000
     0.000000e+000
     0.000000e+000
     0.000000e+000
     0.000000e+000
     0.000000e+000
     0.000000e+000
     0.000000e+000
     0.000000e+000
     0.000000e+000
     0.000000e+000
     0.000000e+000
     0.000000e+000
     5.312751e-004
     0.000000e+000
     0.000000e+000
     0.000000e+000
     0.000000e+000
     2.282936e-003
     5.703758e-003
     0.000000e+000
     0.000000e+000
     0.000000e+000
     0.000000e+000
     0.000000e+000
     0.000000e+000
     0.000000e+000
     0.000000e+000
     3.328563e-007
     0.000000e+000
     0.000000e+000
     0.000000e+000
     0.000000e+000
     0.000000e+000
     0.000000e+000
     0.000000e+000
     0.000000e+000
     0.000000e+000
     0.000000e+000
     0.000000e+000
     0.000000e+000
     0.000000e+000
     0.000000e+000
     0.000000e+000
     0.000000e+000
     0.000000e+000
     0.000000e+000
     2.028134e-003
     0.000000e+000
     0.000000e+000
     0.000000e+000
     5.068498e-003
     0.000000e+000
     0.000000e+000
     0.000000e+000
     0.000000e+000
     0.000000e+000
     1.572262e-004
     2.417762e-003
     0.000000e+000
     0.000000e+000
     0.000000e+000
     0.000000e+000
     0.000000e+000
     0.000000e+000
     0.000000e+000
     0.000000e+000
     0.000000e+000
     0.000000e+000
     0.000000e+000
     0.000000e+000
     0.000000e+000
     0.000000e+000
     0.000000e+000
     0.000000e+000
     0.000000e+000
     0.000000e+000
     0.000000e+000
     0.000000e+000
     0.000000e+000
     0.000000e+000
     0.000000e+000
     0.000000e+000
     0.000000e+000
     0.000000e+000
     0.000000e+000
     0.000000e+000
     0.000000e+000
     0.000000e+000
     0.000000e+000
     0.000000e+000
     0.000000e+000
     0.000000e+000
     0.000000e+000
     0.000000e+000
     0.000000e+000
     0.000000e+000
     0.000000e+000
     1.695978e-003
     0.000000e+000
     0.000000e+000
     0.000000e+000
     1.331681e-003
     0.000000e+000
     0.000000e+000
     0.000000e+000
     0.000000e+000
     1.656942e-003
     0.000000e+000
     0.000000e+000
     0.000000e+000
     3.825796e-003
     0.000000e+000
     0.000000e+000
     0.000000e+000
     0.000000e+000
     0.000000e+000
     0.000000e+000
     0.000000e+000
     0.000000e+000
     1.158858e-003
     0.000000e+000
     4.066129e-003
     0.000000e+000
     0.000000e+000
     0.000000e+000
     0.000000e+000
     0.000000e+000
     0.000000e+000
     1.458733e-003
     0.000000e+000
     0.000000e+000
     0.000000e+000
     0.000000e+000
     0.000000e+000
     0.000000e+000
     0.000000e+000
     0.000000e+000
     0.000000e+000
     0.000000e+000
     0.000000e+000
     0.000000e+000
     0.000000e+000
     0.000000e+000
     0.000000e+000
     0.000000e+000
     0.000000e+000
     0.000000e+000
     0.000000e+000
     0.000000e+000
     0.000000e+000
     0.000000e+000
     0.000000e+000
     0.000000e+000
     0.000000e+000
     0.000000e+000
     0.000000e+000
     0.000000e+000
     0.000000e+000
     0.000000e+000
     1.428625e-003
     9.806517e-005
     0.000000e+000
     0.000000e+000
     0.000000e+000
     0.000000e+000
     1.168082e-003
     0.000000e+000
     0.000000e+000
     0.000000e+000
     0.000000e+000
     0.000000e+000
     0.000000e+000
     0.000000e+000
     0.000000e+000
     0.000000e+000
     0.000000e+000
     1.321738e-003
     0.000000e+000
     0.000000e+000
     0.000000e+000
     0.000000e+000
     0.000000e+000
     0.000000e+000
     0.000000e+000
     0.000000e+000
     0.000000e+000
     2.672631e-003
     0.000000e+000
     0.000000e+000
     0.000000e+000
     0.000000e+000
     7.136653e-004
     0.000000e+000
     0.000000e+000
     0.000000e+000
     0.000000e+000
     0.000000e+000
     0.000000e+000
     0.000000e+000
     1.563415e-003
     0.000000e+000
     0.000000e+000
     1.586498e-003
     0.000000e+000
     0.000000e+000
     0.000000e+000
     0.000000e+000
     0.000000e+000
     1.473817e-003
     0.000000e+000
     0.000000e+000
     5.925352e-003
     0.000000e+000
     0.000000e+000
     0.000000e+000
     1.133643e-003
     4.833126e-004
     0.000000e+000
     0.000000e+000
     0.000000e+000
     0.000000e+000
     0.000000e+000
     0.000000e+000
     0.000000e+000
     0.000000e+000
     0.000000e+000
     0.000000e+000
     0.000000e+000
     0.000000e+000
     0.000000e+000
     0.000000e+000
     0.000000e+000
     0.000000e+000
     0.000000e+000
     3.153075e-004
     0.000000e+000
     0.000000e+000
     0.000000e+000
     0.000000e+000
     0.000000e+000
     0.000000e+000
     0.000000e+000
     0.000000e+000
     0.000000e+000
     0.000000e+000
     0.000000e+000
     0.000000e+000
     0.000000e+000
     0.000000e+000
     0.000000e+000
     1.494856e-003
     0.000000e+000
     0.000000e+000
     0.000000e+000
     0.000000e+000
     0.000000e+000
     1.378500e-003
     0.000000e+000
     0.000000e+000
     0.000000e+000
     0.000000e+000
     0.000000e+000
     0.000000e+000
     0.000000e+000
     0.000000e+000
     0.000000e+000
     0.000000e+000
     0.000000e+000
     0.000000e+000
     0.000000e+000
     0.000000e+000
     0.000000e+000
     0.000000e+000
     1.163041e-002
     1.000351e-003
     1.427722e-003
     1.731591e-003
     0.000000e+000
     0.000000e+000
     0.000000e+000
     0.000000e+000
     2.310230e-004
     0.000000e+000
     0.000000e+000
     0.000000e+000
     0.000000e+000
     1.868842e-003
     0.000000e+000
     0.000000e+000
     0.000000e+000
     0.000000e+000
     0.000000e+000
     0.000000e+000
     0.000000e+000
     1.323058e-004
     0.000000e+000
     0.000000e+000
     2.891945e-003
     0.000000e+000
     0.000000e+000
     0.000000e+000
     0.000000e+000
     0.000000e+000
     0.000000e+000
     0.000000e+000
     0.000000e+000
     0.000000e+000
     0.000000e+000
     0.000000e+000
     0.000000e+000
     0.000000e+000
     0.000000e+000
     0.000000e+000
     0.000000e+000
     0.000000e+000
     0.000000e+000
     0.000000e+000
     0.000000e+000
     0.000000e+000
     0.000000e+000
     0.000000e+000
     0.000000e+000
     0.000000e+000
     0.000000e+000
     0.000000e+000
     0.000000e+000
     0.000000e+000
     0.000000e+000
     1.835188e-003
     2.411903e-003
     0.000000e+000
     0.000000e+000
     0.000000e+000
     0.000000e+000
     0.000000e+000
     6.214395e-004
     0.000000e+000
     9.604307e-004
     0.000000e+000
     0.000000e+000
     0.000000e+000
     4.260253e-004
     0.000000e+000
     0.000000e+000
     0.000000e+000
     0.000000e+000
     0.000000e+000
     0.000000e+000
     0.000000e+000
     0.000000e+000
     0.000000e+000
     0.000000e+000
     0.000000e+000
     0.000000e+000
     0.000000e+000
     0.000000e+000
     1.562514e-003
     0.000000e+000
     0.000000e+000
     0.000000e+000
     0.000000e+000
     0.000000e+000
     7.335239e-004
     0.000000e+000
     0.000000e+000
     0.000000e+000
     0.000000e+000
     0.000000e+000
     0.000000e+000
     0.000000e+000
     0.000000e+000
     0.000000e+000
     0.000000e+000
     0.000000e+000
     0.000000e+000
     0.000000e+000
     0.000000e+000
     0.000000e+000
     0.000000e+000
     0.000000e+000
     0.000000e+000
     2.383125e-003
     0.000000e+000
     0.000000e+000
     0.000000e+000
     0.000000e+000
     0.000000e+000
     0.000000e+000
     0.000000e+000
     0.000000e+000
     0.000000e+000
     6.245099e-004
     0.000000e+000
     0.000000e+000
     0.000000e+000
     0.000000e+000
     0.000000e+000
     0.000000e+000
     0.000000e+000
     0.000000e+000
     0.000000e+000
     0.000000e+000
     0.000000e+000
     0.000000e+000
     0.000000e+000
     0.000000e+000
     0.000000e+000
     0.000000e+000
     0.000000e+000
     0.000000e+000
     0.000000e+000
     0.000000e+000
     0.000000e+000
     0.000000e+000
     1.166373e-003
     0.000000e+000
     0.000000e+000
     0.000000e+000
     4.359421e-002
     0.000000e+000
     0.000000e+000
     0.000000e+000
     0.000000e+000
     0.000000e+000
     0.000000e+000
     3.454146e-003
     0.000000e+000
     0.000000e+000
     0.000000e+000
     3.324949e-003
     0.000000e+000
     0.000000e+000
     0.000000e+000
     0.000000e+000
     0.000000e+000
     0.000000e+000
     0.000000e+000
     0.000000e+000
     0.000000e+000
     3.165116e-004
     0.000000e+000
     0.000000e+000
     0.000000e+000
     0.000000e+000
     0.000000e+000
     2.706191e-003
     1.484620e-003
     0.000000e+000
     0.000000e+000
     0.000000e+000
     0.000000e+000
     0.000000e+000
     0.000000e+000
     0.000000e+000
     0.000000e+000
     0.000000e+000
     0.000000e+000
     0.000000e+000
     0.000000e+000
     0.000000e+000
     0.000000e+000
     0.000000e+000
     5.685318e-003
     0.000000e+000
     0.000000e+000
     0.000000e+000
     0.000000e+000
     0.000000e+000
     0.000000e+000
     0.000000e+000
     0.000000e+000
     0.000000e+000
     1.635557e-003
     0.000000e+000
     0.000000e+000
     0.000000e+000
     0.000000e+000
     0.000000e+000
     0.000000e+000
     0.000000e+000
     0.000000e+000
     0.000000e+000
     0.000000e+000
     0.000000e+000
     0.000000e+000
     0.000000e+000
     0.000000e+000
     0.000000e+000
     0.000000e+000
     0.000000e+000
     0.000000e+000
     0.000000e+000
     0.000000e+000
     0.000000e+000
     0.000000e+000
     0.000000e+000
     0.000000e+000
     0.000000e+000
     0.000000e+000
     0.000000e+000
     0.000000e+000
     0.000000e+000
     0.000000e+000
     0.000000e+000
     7.893544e-004
     1.638836e-003
     0.000000e+000
     0.000000e+000
     0.000000e+000
     0.000000e+000
     0.000000e+000
     8.776305e-004
     2.647791e-003
     0.000000e+000
     2.662988e-003
     0.000000e+000
     0.000000e+000
     0.000000e+000
     0.000000e+000
     0.000000e+000
     0.000000e+000
     0.000000e+000
     8.725848e-004
     0.000000e+000
     0.000000e+000
     0.000000e+000
     0.000000e+000
     0.000000e+000
     0.000000e+000
     1.823329e-003
     0.000000e+000
     0.000000e+000
     0.000000e+000
     0.000000e+000
     1.703693e-003
     0.000000e+000
     0.000000e+000
     0.000000e+000
     0.000000e+000
     0.000000e+000
     0.000000e+000
     0.000000e+000
     0.000000e+000
     0.000000e+000
     7.939022e-004
     0.000000e+000
     0.000000e+000
     0.000000e+000
     0.000000e+000
     7.339483e-004
     0.000000e+000
     0.000000e+000
     7.302599e-003
     0.000000e+000
     0.000000e+000
     0.000000e+000
     0.000000e+000
     0.000000e+000
     0.000000e+000
     0.000000e+000
     0.000000e+000
     0.000000e+000
     3.491833e-004
     0.000000e+000
     1.157382e-003
     0.000000e+000
     0.000000e+000
     0.000000e+000
     0.000000e+000
     0.000000e+000
     0.000000e+000
     0.000000e+000
     0.000000e+000
     0.000000e+000
     0.000000e+000
     0.000000e+000
     0.000000e+000
     0.000000e+000
     0.000000e+000
     0.000000e+000
     7.372616e-004
     2.175513e-002
     0.000000e+000
     0.000000e+000
     0.000000e+000
     0.000000e+000
     0.000000e+000
     0.000000e+000
     0.000000e+000
     0.000000e+000
     0.000000e+000
     0.000000e+000
     1.301062e-003
     0.000000e+000
     1.017112e-003
     0.000000e+000
     8.058018e-004
     4.551270e-003
     0.000000e+000
     0.000000e+000
     0.000000e+000
     0.000000e+000
     0.000000e+000
     0.000000e+000
     0.000000e+000
     0.000000e+000
     0.000000e+000
     0.000000e+000
     0.000000e+000
     0.000000e+000
     0.000000e+000
     0.000000e+000
     4.726700e-005
     0.000000e+000
     0.000000e+000
     0.000000e+000
     0.000000e+000
     0.000000e+000
     0.000000e+000
     0.000000e+000
     0.000000e+000
     0.000000e+000
     0.000000e+000
     0.000000e+000
     0.000000e+000
     0.000000e+000
     0.000000e+000
     0.000000e+000
     3.037440e-003
     7.721735e-004
     0.000000e+000
     0.000000e+000
     0.000000e+000
     0.000000e+000
     0.000000e+000
     0.000000e+000
     0.000000e+000
     0.000000e+000
     0.000000e+000
     0.000000e+000
     0.000000e+000
     0.000000e+000
     0.000000e+000
     0.000000e+000
     3.121907e-003
     0.000000e+000
     0.000000e+000
     0.000000e+000
     0.000000e+000
     0.000000e+000
     0.000000e+000
     0.000000e+000
     0.000000e+000
     0.000000e+000
     6.647891e-004
     0.000000e+000
     0.000000e+000
     6.377485e-005
     2.694675e-004
     0.000000e+000
     1.403727e-003
     0.000000e+000
     0.000000e+000
     0.000000e+000
     0.000000e+000
     0.000000e+000
     0.000000e+000
     0.000000e+000
     0.000000e+000
     0.000000e+000
     0.000000e+000
     2.178258e-003
     0.000000e+000
     0.000000e+000
     0.000000e+000
     0.000000e+000
     0.000000e+000
     0.000000e+000
     0.000000e+000
     0.000000e+000
     7.701941e-004
     0.000000e+000
     0.000000e+000
     0.000000e+000
     0.000000e+000
     2.649912e-003
     0.000000e+000
     0.000000e+000
     0.000000e+000
     0.000000e+000
     0.000000e+000
     0.000000e+000
     0.000000e+000
     0.000000e+000
     0.000000e+000
     0.000000e+000
     0.000000e+000
     8.028111e-005
     0.000000e+000
     0.000000e+000
     0.000000e+000
     0.000000e+000
     0.000000e+000
     0.000000e+000
     0.000000e+000
     0.000000e+000
     0.000000e+000
     0.000000e+000
     0.000000e+000
     0.000000e+000
     0.000000e+000
     0.000000e+000
     0.000000e+000
     0.000000e+000
     0.000000e+000
     0.000000e+000
     0.000000e+000
     0.000000e+000
     0.000000e+000
     4.097580e-003
     0.000000e+000
     0.000000e+000
     0.000000e+000
     0.000000e+000
     0.000000e+000
     1.270110e-003
     0.000000e+000
     0.000000e+000
     2.276436e-003
     9.149051e-004
     0.000000e+000
     0.000000e+000
     0.000000e+000
     0.000000e+000
     0.000000e+000
     0.000000e+000
     0.000000e+000
     0.000000e+000
     0.000000e+000
     0.000000e+000
     0.000000e+000
     0.000000e+000
     0.000000e+000
     0.000000e+000
     0.000000e+000
     0.000000e+000
     0.000000e+000
     0.000000e+000
     0.000000e+000
     0.000000e+000
     0.000000e+000
     0.000000e+000
     0.000000e+000
     0.000000e+000
     0.000000e+000
     0.000000e+000
     0.000000e+000
     0.000000e+000
     0.000000e+000
     0.000000e+000
     0.000000e+000
     0.000000e+000
     0.000000e+000
     1.838654e-003
     0.000000e+000
     0.000000e+000
     1.354394e-003
     0.000000e+000
     0.000000e+000
     0.000000e+000
     0.000000e+000
     0.000000e+000
     0.000000e+000
     0.000000e+000
     0.000000e+000
     0.000000e+000
     0.000000e+000
     0.000000e+000
     1.295771e-003
     0.000000e+000
     0.000000e+000
     0.000000e+000
     0.000000e+000
     0.000000e+000
     0.000000e+000
     0.000000e+000
     0.000000e+000
     0.000000e+000
     0.000000e+000
     0.000000e+000
     0.000000e+000
     0.000000e+000
     0.000000e+000
     0.000000e+000
     0.000000e+000
     0.000000e+000
     0.000000e+000
     0.000000e+000
     0.000000e+000
     0.000000e+000
     0.000000e+000
     0.000000e+000
     0.000000e+000
     0.000000e+000
     1.029440e-003
     0.000000e+000
     0.000000e+000
     0.000000e+000
     1.108117e-003
     0.000000e+000
     0.000000e+000
     0.000000e+000
     0.000000e+000
     0.000000e+000
     0.000000e+000
     0.000000e+000
     0.000000e+000
     0.000000e+000
     0.000000e+000
     0.000000e+000
     0.000000e+000
     0.000000e+000
     0.000000e+000
     0.000000e+000
     0.000000e+000
     0.000000e+000
     4.901689e-004
     0.000000e+000
     1.350720e-003
     0.000000e+000
     5.572142e-003
     0.000000e+000
     0.000000e+000
     0.000000e+000
     0.000000e+000
     0.000000e+000
     0.000000e+000
     0.000000e+000
     0.000000e+000
     0.000000e+000
     0.000000e+000
     0.000000e+000
     0.000000e+000
     3.919578e-003
     0.000000e+000
     0.000000e+000
     0.000000e+000
     0.000000e+000
     0.000000e+000
     0.000000e+000
     1.649553e-003
     2.532126e-004
     2.245096e-003
     0.000000e+000
     0.000000e+000
     0.000000e+000
     0.000000e+000
     0.000000e+000
     0.000000e+000
     0.000000e+000
     5.074578e-004
     0.000000e+000
     5.143214e-004
     0.000000e+000
     1.931578e-003
     0.000000e+000
     0.000000e+000
     1.639530e-003
     0.000000e+000
     0.000000e+000
     1.521916e-003
     1.352196e-003
     0.000000e+000
     0.000000e+000
     1.401375e-002
     7.662913e-004
     0.000000e+000
     0.000000e+000
     0.000000e+000
     0.000000e+000
     0.000000e+000
     0.000000e+000
     6.401288e-004
     0.000000e+000
     0.000000e+000
     0.000000e+000
     0.000000e+000
     0.000000e+000
     0.000000e+000
     0.000000e+000
     3.483132e-004
     0.000000e+000
     0.000000e+000
     0.000000e+000
     0.000000e+000
     0.000000e+000
     0.000000e+000
     0.000000e+000
     0.000000e+000
     0.000000e+000
     0.000000e+000
     0.000000e+000
     0.000000e+000
     0.000000e+000
     0.000000e+000
     6.031119e-003
     0.000000e+000
     0.000000e+000
     0.000000e+000
     0.000000e+000
     0.000000e+000
     0.000000e+000
     0.000000e+000
     0.000000e+000
     0.000000e+000
     0.000000e+000
     0.000000e+000
     0.000000e+000
     0.000000e+000
     0.000000e+000
     0.000000e+000
     0.000000e+000
     0.000000e+000
     0.000000e+000
     0.000000e+000
     0.000000e+000
     0.000000e+000
     0.000000e+000
     0.000000e+000
     0.000000e+000
     0.000000e+000
     0.000000e+000
     0.000000e+000
     0.000000e+000
     0.000000e+000
     0.000000e+000
     0.000000e+000
     0.000000e+000
     0.000000e+000
     0.000000e+000
     0.000000e+000
     0.000000e+000
     0.000000e+000
     0.000000e+000
     0.000000e+000
     0.000000e+000
     0.000000e+000
     0.000000e+000
     0.000000e+000
     0.000000e+000
     0.000000e+000
     1.413582e-003
     2.170947e-003
     0.000000e+000
     0.000000e+000
     0.000000e+000
     0.000000e+000
     0.000000e+000
     0.000000e+000
     0.000000e+000
     0.000000e+000
     0.000000e+000
     1.317742e-003
     0.000000e+000
     0.000000e+000
     0.000000e+000
     0.000000e+000
     0.000000e+000
     0.000000e+000
     0.000000e+000
     0.000000e+000
     0.000000e+000
     0.000000e+000
     1.241255e-003
     0.000000e+000
     0.000000e+000
     0.000000e+000
     0.000000e+000
     0.000000e+000
     0.000000e+000
     0.000000e+000
     1.293489e-003
     3.504798e-003
     0.000000e+000
     0.000000e+000
     0.000000e+000
     0.000000e+000
     0.000000e+000
     0.000000e+000
     0.000000e+000
     0.000000e+000
     0.000000e+000
     0.000000e+000
     0.000000e+000
     0.000000e+000
     0.000000e+000
     0.000000e+000
     0.000000e+000
     0.000000e+000
     1.039782e-002
     0.000000e+000
     0.000000e+000
     0.000000e+000
     0.000000e+000
     0.000000e+000
     0.000000e+000
     0.000000e+000
     0.000000e+000
     0.000000e+000
     0.000000e+000
     0.000000e+000
     0.000000e+000
     0.000000e+000
     0.000000e+000
     0.000000e+000
     0.000000e+000
     0.000000e+000
     0.000000e+000
     0.000000e+000
     0.000000e+000
     0.000000e+000
     0.000000e+000
     0.000000e+000
     0.000000e+000
     0.000000e+000
     0.000000e+000
     0.000000e+000
     0.000000e+000
     0.000000e+000
     3.278510e-003
     0.000000e+000
     0.000000e+000
     0.000000e+000
     0.000000e+000
     0.000000e+000
     0.000000e+000
     0.000000e+000
     0.000000e+000
     0.000000e+000
     0.000000e+000
     0.000000e+000
     0.000000e+000
     0.000000e+000
     6.090834e-004
     0.000000e+000
     0.000000e+000
     0.000000e+000
     0.000000e+000
     0.000000e+000
     0.000000e+000
     0.000000e+000
     0.000000e+000
     0.000000e+000
     0.000000e+000
     0.000000e+000
     0.000000e+000
     0.000000e+000
     0.000000e+000
     0.000000e+000
     1.217233e-003
     0.000000e+000
     0.000000e+000
     0.000000e+000
     0.000000e+000
     0.000000e+000
     0.000000e+000
     0.000000e+000
     6.894412e-003
     0.000000e+000
     0.000000e+000
     0.000000e+000
     0.000000e+000
     0.000000e+000
     0.000000e+000
     0.000000e+000
     0.000000e+000
     0.000000e+000
     0.000000e+000
     0.000000e+000
