-0.40234 0.247969
0.0493949 -0.0719378
0.911551 -1.68747
-0.713109 0.920739
1.12211 -1.29344
0.142323 -2.19209
0.286195 0.340071
0.374871 0.0258213
0.339041 -2.00877
0.702724 -1.02234
-0.0326311 -1.92348
0.67743 -0.353939
0.270902 -1.96238
-1.26886 0.805132
-0.974399 1.37294
0.140279 -1.91173
0.210527 -1.9209
0.777694 -0.388778
-0.704961 1.62684
0.844244 -0.626517
-1.18137 1.12668
0.49995 -2.07541
-1.13968 0.970847
0.859 -1.10064
-0.7159 0.925042
0.989687 -1.70575
0.764223 -0.890905
-0.153692 1.82542
1.1228 -1.74297
0.702271 0.0758194
-0.372781 0.422293
1.27855 -0.887078
0.355644 -1.54202
-1.07588 1.07061
-0.615557 0.484892
-1.00903 0.723468
-0.783588 0.168271
1.1178 -0.46544
0.601136 -0.370676
0.552672 -0.485456
-0.899915 1.15594
-0.10982 -0.0520169
0.370904 -1.8075
-0.0758762 -0.050213
-0.472863 0.333519
0.750011 -0.886543
-0.936139 0.460901
-0.330043 1.82815
1.04354 -0.534509
-0.418888 1.55289
0.605635 -1.21162
0.724098 -0.365247
-0.236374 1.698
-1.03837 1.3525
-0.849266 1.92049
-0.720038 0.444205
1.06639 -0.00691341
-0.642352 0.336988
0.874628 -0.738615
-0.419111 0.143934
-0.815421 1.19942
-0.317212 -0.155073
0.652613 -0.694832
0.168245 1.86424
0.493796 -1.439
-0.196523 1.82539
-0.531753 0.475818
-0.937525 0.860288
0.880588 -1.43672
0.713947 -1.38852
-0.969339 1.65007
0.756019 -1.91296
-0.928339 0.628606
0.0975272 -2.01056
0.547545 -0.479753
-0.983766 1.15678
0.865959 -1.47781
0.755126 -1.20141
-0.397698 0.095386
-0.105098 -2.29593
-1.05995 1.104
0.765059 -0.653246
-1.00523 0.333415
0.761501 -1.12319
-0.92358 1.03352
0.937826 -0.873072
-0.502911 0.0669066
0.664681 -0.395764
-0.730974 1.55578
0.382275 -1.87951
0.913238 -0.0223231
0.180585 -0.00708163
1.14274 -1.04603
0.786749 -0.64189
-0.792981 1.81379
0.551289 -0.685059
-0.174985 1.98285
0.545459 -1.26959
-1.17791 1.07887
0.570776 -0.0634952
-0.227295 0.0755192
-0.465321 1.09337
-0.927823 0.564933
0.932705 -2.14565
1.22418 -0.364656
0.787304 -1.76585
-1.02458 1.50053
0.0574276 0.0920533
-0.509488 -0.0555621
0.641851 -1.67202
-0.844477 1.62426
-0.481095 -0.0803034
-0.0698594 -0.0291015
0.697125 -0.936104
1.22895 -0.998629
-0.78392 2.14034
1.13628 -1.32624
0.622658 -1.50395
0.476367 -0.142839
0.85987 -1.65902
-0.629197 1.79134
0.0403833 -1.8458
-0.159723 0.0156122
-0.642161 0.357525
-1.21422 1.52391
0.274151 -0.0975564
1.24176 -1.14929
-0.646889 1.69693
0.903996 -1.07779
0.760688 -1.52992
-0.713568 0.0457914
0.817266 -1.08124
-0.175442 -0.0741509
1.32855 -0.831422
1.01583 -1.64402
0.6431 -0.0182775
-0.852908 1.3644
-0.687031 1.79326
-0.627853 1.45465
0.0195955 1.90573
0.990196 -1.03845
0.79149 -1.27355
0.338853 -0.489123
-0.21829 0.163436
-0.391135 2.01632
0.388689 -0.126997
-0.636439 0.354414
0.315857 -1.92244
-0.537144 1.00297
0.837247 -1.14745
-0.310776 0.563558
0.458571 -0.363401
0.684812 -1.34633
0.73417 -0.571996
-0.850885 1.6062
0.559434 -1.18071
-0.436281 0.0240142
0.601409 -1.94853
0.26198 -1.70547
0.291976 -2.04261
-0.838314 -0.373143
0.0951811 -1.70889
0.442789 -2.08875
0.965547 -1.29295
0.855767 -1.8172
-0.555455 -0.000100377
-0.501877 2.18736
-0.410022 0.307271
-0.467814 -0.0749816
-0.12544 -1.76298
-0.533611 1.50036
0.40207 -0.252132
1.23415 -0.364918
-0.306787 -1.97776
0.449207 -0.151085
-0.345246 2.17314
0.697369 -0.754696
0.873473 -1.62188
0.874731 -0.563062
-0.825996 1.64624
-0.75766 0.181252
0.942975 -0.992481
0.709094 -0.617059
-0.355621 1.97645
-0.867097 1.32854
0.739022 -0.0667669
0.836539 -0.911725
0.886766 -1.71433
-0.456286 1.78237
-1.35975 1.08597
0.659529 -0.370422
0.614206 -0.417605
0.291944 -0.495016
1.06019 -0.748064
-0.808565 1.9271
0.517754 -1.79833
1.17359 -0.810258
0.883475 -0.621911
-0.6568 0.64349
0.767053 -1.61224
1.04055 -1.82288
0.926132 -0.115629
-0.729003 1.00738
-0.85472 1.39971
1.06233 -0.997751
0.671319 -1.0795
-0.330968 -0.174058
0.752171 -0.195588
1.04056 -0.611409
-0.345074 -0.066156
-1.18518 0.305922
0.721285 -2.02604
-1.38195 0.4478
0.102303 -0.219866
-0.891745 1.80618
-0.482651 0.410488
-0.32305 0.0170453
0.910965 -1.58105
0.073623 -0.183903
0.342088 -0.112771
-0.991595 0.542008
1.2776 -0.41616
-0.244431 -0.023392
0.868857 -2.0821
-1.07858 1.29295
-0.159828 1.65088
-1.36446 0.887907
-0.832353 0.488674
0.885975 -0.641119
0.299365 -0.0537054
0.611109 -1.52108
-0.197774 1.7674
0.818555 -0.683199
0.752201 -1.88584
0.343549 -1.66394
-0.255177 1.41122
0.551281 0.23192
-1.25661 1.07537
-0.224549 -0.188758
0.767391 -1.01778
-0.275978 1.65506
-0.0537978 1.98294
-0.157321 0.257407
-0.412636 1.7679
-0.629263 1.92717
0.846193 -1.3731
0.053004 2.11791
0.492002 -1.60045
-1.04199 1.24824
0.383618 0.368536
0.466321 -1.68746
-0.0205311 -1.60156
0.964065 -1.6694
1.212 -1.08839
-0.452962 -0.25281
-1.04121 1.18161
-1.08567 1.64792
-0.474598 2.02503
1.2447 -0.977659
-1.35322 0.756528
-0.826762 0.260867
0.378225 -0.219163
-0.695955 1.22164
1.07256 -0.389281
0.799907 -0.100788
-0.777836 1.96756
0.235215 -2.10921
-0.0799054 1.80891
1.12159 -1.10722
0.705205 -0.143671
0.308332 -1.57304
0.890067 -1.60115
-0.213294 1.8721
-1.12485 0.763804
1.02289 -0.855996
-0.418461 0.24482
-0.712157 0.417116
-0.462336 0.266228
0.578142 0.0758702
0.391725 -0.0587435
1.2329 -0.676467
-0.318074 1.99448
-0.743203 0.794459
0.579453 -1.35582
-1.17339 0.296548
0.968269 -1.30191
-0.558222 0.183007
-0.507913 0.579648
-1.10881 0.423247
-0.790471 0.587725
-0.0756025 0.0868031
0.507228 0.244679
-0.571845 1.34774
-1.06858 0.947135
1.13545 -0.746791
-0.326967 -0.23179
0.937861 -1.36961
0.60583 -0.282336
-0.244629 -0.0155898
0.976022 -1.51798
-0.68895 0.456957
0.805371 -0.644037
-0.890051 1.32488
0.757157 -2.00522
-0.70098 1.90059
-0.762947 1.9273
0.604752 -1.38402
0.52306 -0.292053
0.842384 -1.60121
-0.876304 1.61875
0.879073 -0.930198
0.456791 0.0266382
-1.11601 1.16954
1.14456 -1.33675
0.801367 -0.425526
0.863402 -1.50796
-0.980758 1.83119
-0.545921 1.18342
1.03293 -0.742068
1.09273 -1.44032
0.976895 -1.22553
0.885868 -1.17214
0.838833 -1.34319
0.22743 -1.65188
0.966245 -0.691778
-0.219105 -2.0756
0.659034 -1.88311
-0.762084 0.421801
0.87933 -1.16001
-0.958626 0.84191
0.631315 -1.10099
-0.587785 1.67781
-0.49748 1.00358
-0.919771 1.00483
-0.169414 0.363967
1.01518 -1.9168
0.847269 -0.717158
0.72155 -1.91689
0.681061 -1.50479
0.672157 -2.14083
-0.53782 0.52062
-0.882209 1.17963
-0.264537 0.197664
-0.0839733 0.107376
0.179668 1.96876
1.13136 -0.486617
0.179746 -0.257474
-0.217708 -0.0874614
-0.142145 -2.1687
1.05569 -0.211879
0.379992 -0.453767
0.0132401 0.31584
-0.716599 1.31222
-0.747493 -0.380902
1.04589 -0.469932
-0.670204 1.27018
0.626238 -1.41118
0.343726 0.0677878
0.789441 -1.80143
-0.941871 0.57322
0.315852 -0.0543186
0.841309 -0.57697
0.965799 -0.813906
-0.741353 1.36778
-0.625962 0.325538
-1.01188 0.562611
0.418234 0.212811
0.687584 -0.391163
0.683018 -2.00026
0.867013 -1.23426
0.892503 -1.18534
0.208469 -1.87633
-0.730149 0.480748
0.661971 -0.959966
0.986836 -1.40778
0.828087 -1.44539
-0.913963 0.720516
0.0952327 -1.61338
-0.649713 0.137506
-0.208731 0.0284163
-1.15702 1.6113
-0.727143 1.85506
0.496772 -0.41323
-0.747252 0.181555
0.875086 -1.23916
0.046889 -0.201386
-0.210631 -0.039643
-0.418225 1.57043
0.711717 -1.15769
0.00352743 0.0827716
-0.72206 2.01135
-1.3615 0.969365
0.747036 -0.452017
-0.816028 1.90733
-0.919108 0.577794
-0.149089 1.79986
0.18247 -1.99183
-1.22788 1.32145
1.06071 -1.13944
-0.920637 1.54149
-0.657368 1.88299
0.525595 -0.119143
-0.0471201 -1.86616
0.26839 -0.158696
-0.129897 -2.174
1.18048 -1.3189
-1.12569 1.79402
0.711935 -0.32724
-0.863709 0.801416
0.895508 -2.06689
-0.844791 0.585886
1.14586 -0.466975
0.111427 -1.79198
-1.08618 1.44741
1.20446 -0.965916
-0.99813 0.492437
0.744639 -0.388869
-0.255086 1.96512
0.805659 -2.12853
0.250855 -1.85184
-0.717201 0.277123
0.904075 -0.462907
-0.770581 0.40801
-0.212031 0.346115
-0.858308 0.33462
0.915394 -1.88271
-0.435195 0.307728
0.459199 -1.91162
-0.829448 0.450412
0.917095 -1.90179
-0.751986 -0.165731
0.837742 -1.27531
-0.597709 2.03936
-0.871539 0.444578
0.366822 -2.11009
0.728092 -1.40083
-1.18641 0.972725
1.01279 -1.76086
0.395275 -1.75499
-0.855331 0.204384
0.97839 -1.71607
1.01206 -0.801265
-0.534252 2.14459
1.0036 -0.943776
0.167973 1.7108
0.815566 -1.63512
0.632225 -1.32022
0.77047 -0.334051
0.851093 -1.01624
-0.309573 -0.23829
-0.693855 1.94459
0.740319 -1.29607
0.242968 0.233002
1.16553 -0.391856
-0.573337 1.65714
-0.127446 -0.254689
-0.53704 1.48442
-0.728737 1.04582
0.514025 -0.119796
0.0170194 -1.90935
-1.03761 0.606354
0.566966 -0.415402
0.912978 -0.559241
-1.20517 0.918323
-0.605323 1.55033
0.400934 -1.58888
-0.59294 1.85212
-1.01642 0.142572
1.00296 -0.765208
0.0302502 1.68166
0.248098 -1.84217
0.0456513 -2.16459
-0.692537 0.148383
0.828269 -0.448587
-0.623222 1.12018
1.00727 -0.381305
-0.659199 0.397551
-0.592926 0.378902
-0.136602 -0.00577005
0.124282 0.463956
0.862947 -0.879341
-0.997463 1.49157
0.609923 -1.09451
0.702597 -1.54089
1.06016 -0.561948
0.766271 -0.691059
-1.0243 0.909623
0.399209 -0.547815
-0.43025 2.06473
-0.982594 1.55224
-0.414573 0.0119099
0.634529 -0.505576
0.441791 -0.318102
-0.924839 0.489253
0.671654 -0.43084
-0.801521 1.6752
0.0880366 0.0640228
-0.944982 1.28053
0.395929 -0.330931
-0.0995772 2.00519
-0.738978 1.18722
-0.959565 1.79744
0.287782 0.224538
0.969838 -0.141712
0.076106 -1.78862
0.993206 -0.598772
-0.735571 -0.0750404
0.856537 -0.799883
0.407997 0.267905
-0.779381 0.420331
-0.531022 1.79989
0.880176 -0.599225
-0.19214 -1.79305
-0.711732 1.60895
-0.466884 1.67248
-0.8014 0.60494
-1.16617 0.422965
0.321142 -2.26937
-0.728689 1.9421
-0.479867 2.02295
0.958088 -0.857109
-0.0329176 0.00100614
-0.968038 0.644505
0.214132 -0.158493
0.804839 -1.28092
0.751385 -1.42765
0.412161 -2.15106
0.10536 1.89726
0.144576 -0.0380119
0.767748 -0.752654
0.567829 -2.00723
1.02122 -0.794569
-0.546214 1.25575
0.0317903 0.135152
-0.787295 1.21484
-0.708702 1.53522
0.871731 -1.2265
-0.450006 1.20183
-0.881519 1.07976
0.0170024 -0.161793
-0.162773 -1.91854
0.0780304 -2.14336
-0.0695241 2.08995
-0.642686 0.089009
-0.434783 0.071266
-1.02761 1.38074
0.714992 0.234501
0.642116 -0.164619
0.72065 -1.25893
-0.283587 2.28954
0.0994293 1.94985
-0.233516 1.8044
1.06549 -0.571165
0.0629577 -0.124476
0.20608 0.317926
-0.0801971 0.0375336
1.08137 -0.738197
0.426004 -0.228964
-1.04454 1.79662
-0.987737 0.961285
0.0228028 1.58432
0.256898 -2.40407
0.19098 -0.28373
0.927948 -1.3062
-0.747301 0.353081
-0.3335 -0.246329
0.478304 -0.402902
0.685793 -1.59134
0.591811 -1.63381
0.0240196 -0.123777
-0.558697 1.10817
-0.0103097 0.0992122
-0.775568 0.569016
0.340021 1.97545
-1.30752 0.95466
-0.63797 1.9059
0.810671 -0.968565
-0.72247 0.414115
1.02099 -2.04076
-0.464473 1.94743
-0.643855 0.228216
-1.0499 0.84189
0.922433 -0.39921
-0.925893 1.7593
-0.150167 -0.0450334
-0.456091 0.211009
-0.369262 0.389491
0.828598 -0.828717
0.787154 -1.40435
-1.04241 1.29249
0.0750371 1.73254
-1.02518 0.895898
0.336883 2.08209
-0.782539 0.525312
-0.881166 0.332511
0.948954 -1.32032
0.650137 -1.02589
0.454813 -1.59209
0.344682 -0.492201
1.28636 -1.2856
0.867542 -1.81268
0.257211 -0.280562
0.655488 -0.839783
0.41778 -2.37015
0.728827 -1.31469
-0.292047 0.127401
-0.10781 2.06266
-0.571265 0.398646
0.725562 -1.10596
-0.770584 1.21012
0.929003 -0.481869
-0.665352 0.929791
-1.35256 1.15432
-0.378044 1.57466
0.460326 0.0795314
-0.933605 1.55105
0.0472635 -0.0694741
-0.999911 0.845628
-0.612194 0.556212
0.734763 -0.486267
0.711237 -1.42596
-0.228906 1.7403
-0.934148 1.0672
0.757976 -1.25206
-0.371367 1.86812
-1.12483 0.53871
-0.594327 1.80578
0.81061 -0.563184
-0.856154 0.48369
0.528984 0.103642
-0.889669 0.329058
-0.624351 0.270303
-1.03707 0.774966
0.854135 -1.227
0.621398 -0.324163
-0.556933 0.0066163
0.806046 -0.406132
0.393258 0.157103
-0.240065 2.11788
-1.2886 1.2593
0.0961804 -0.0398141
0.665437 -0.0530483
0.864542 -0.817845
-1.05691 2.21337
0.38728 -1.56582
0.722964 -0.709165
0.370069 -1.40599
0.0623687 1.44854
-0.0673318 0.316513
-0.679484 0.809558
0.405503 -1.73295
-0.995617 0.710008
0.399285 -1.55479
0.667901 -1.69907
0.261282 2.43861
-0.0768469 0.099451
0.523456 -0.892101
0.726435 -0.774452
0.905547 -1.21575
-0.663608 1.74698
0.669665 -0.161735
0.711764 -1.13999
-0.773397 1.90148
0.924637 -0.480435
-0.922141 0.355984
-0.766855 0.313029
0.634774 -2.03915
-0.488252 1.79255
-0.651357 1.25703
1.01119 -1.39627
0.636506 -0.368611
0.578816 -0.247215
-0.801137 0.0477638
-0.12165 -0.0393811
-0.896786 1.0787
-0.522747 -0.17629
-0.874686 1.10537
0.666981 -1.62747
-0.963242 1.27974
0.178438 -1.93436
-0.561377 0.119572
-0.592382 0.260384
0.964926 -1.13714
0.082887 2.08912
0.317808 0.0141567
-0.738968 1.22128
-0.100404 -1.90083
1.21168 -0.731237
-0.0764599 1.88385
-0.61263 1.90253
-0.128046 -0.0876916
1.02247 -1.17332
-1.10718 1.18401
-0.652431 0.589245
-0.365276 2.03589
-0.318915 0.20397
0.642327 -0.202876
1.32753 -0.692605
1.19904 -1.33576
-0.833016 0.60092
1.34518 -1.22007
0.0462175 0.244329
0.044348 2.14079
-1.0653 0.973565
0.134015 -0.0065183
0.00816185 1.85614
-0.381463 0.286632
0.0286576 0.0538107
-1.19052 0.496709
-0.605877 0.261826
0.451781 -2.40249
-1.11441 1.61632
0.0365596 2.27692
-0.483436 1.98534
-0.0930174 -2.07939
0.683726 -1.14597
0.83779 -0.725846
0.642885 -0.448356
0.222373 -0.225094
-1.18691 1.6286
0.587116 0.158728
-0.133044 -0.181721
-0.261323 0.234189
0.408358 0.0611312
0.0365927 -1.82991
-1.28554 1.41551
-1.15009 0.249528
0.725176 -1.84052
-0.672048 0.341759
-0.292809 1.67797
-0.538586 -0.0635861
-0.121609 2.24078
-1.26938 0.85354
0.683133 -0.323685
0.66419 -1.40509
1.0299 -0.273367
0.221251 -1.79836
-0.907929 0.532462
1.16389 -0.951443
0.771842 -0.297935
-0.746696 1.71551
-1.05197 0.462045
0.241396 -0.522098
0.874772 -1.5475
-1.0273 1.3279
0.90269 -1.40639
0.502046 -0.00561299
0.503943 -1.44099
1.05063 -1.43592
-0.968672 1.55444
0.677316 -0.0325623
0.922419 -1.68097
1.21778 -0.489908
-0.186047 2.06138
-0.578679 1.35772
0.571869 -0.898219
-0.518788 1.71589
1.3045 -0.64792
0.535059 -0.338729
0.477318 -1.79731
-0.969701 0.931055
1.07277 -0.802955
1.1276 -1.56201
-0.30516 1.79825
0.421856 0.0408294
1.15418 -1.16645
-0.599293 1.27298
-0.695716 1.09282
-1.21011 1.09115
-0.377265 -0.208106
-0.0689325 0.41705
-0.0275416 1.87715
-0.669269 1.63222
-0.426586 0.0698004
-0.703867 0.484872
-1.15899 1.01202
-0.788293 2.07596
0.767227 -0.362156
-0.512779 -0.07924
1.04158 -0.514507
-1.16794 1.05108
-0.557396 -0.086249
-0.441844 0.174582
1.02219 -1.00055
-0.00146907 -0.0805051
1.04891 -1.68057
0.976258 -1.08474
-1.00672 0.0765157
0.16547 2.18985
1.06474 -1.13892
0.457147 -2.05752
0.00200936 -0.141055
0.391157 -1.58068
0.601871 -1.67672
-1.0243 1.24188
-0.39827 1.67519
-0.277627 0.293876
-0.863008 1.76128
0.597601 -2.03033
0.581975 -1.68625
0.856259 -1.40574
0.998855 -1.12145
-1.03495 0.537028
-0.252412 1.7715
0.666816 -0.165485
-0.0670654 -0.289667
0.784385 -1.42554
0.167047 -1.88674
-1.23124 0.297002
-0.0834141 0.182176
-1.09211 0.847855
-0.796333 0.249168
-0.388317 2.10264
-0.964486 0.0408771
0.706977 -1.48091
0.843332 -1.77639
-0.384965 2.02131
0.603477 -0.20119
-1.0429 1.27212
-0.688078 1.68095
-1.06142 0.851992
-0.452141 1.56682
0.787499 -2.00341
-0.607049 1.66606
-1.45872 0.882237
-0.355507 0.199618
-0.668734 0.335831
0.894575 -0.869201
0.878188 -0.785202
-0.815991 0.158408
-1.2743 1.57181
-0.665943 2.2008
-0.525701 1.59072
-0.35252 -0.039015
-0.883642 0.926846
0.351531 -2.68309
0.849973 -0.8604
-1.01091 1.18298
-0.916497 1.58056
0.888462 -0.483711
-0.516622 1.94869
0.940059 -1.57765
0.169328 -2.03228
0.452393 -1.51542
-0.872516 1.47658
-1.34785 1.88607
0.886389 -0.41625
-0.703904 1.26524
-0.520286 2.08351
-0.0626349 1.96956
0.919302 -1.26985
-0.728666 0.380164
0.764012 -0.484408
-0.841339 1.37562
-0.772393 1.56762
0.502443 0.181221
0.247261 -2.11942
0.145176 -0.141173
-1.24486 1.18778
0.555452 -1.57312
-0.563209 0.148691
0.658331 -1.51297
-0.063532 1.58797
-0.563894 0.481691
-0.709655 0.158922
0.852793 -0.69695
-0.630945 0.741942
1.02512 -1.6814
-0.780282 0.952917
0.397365 -0.00771968
-0.78576 0.547346
0.672638 -1.7152
0.618062 -0.514225
-0.804213 1.49672
-0.0685655 1.96722
0.743976 -1.82985
-0.679049 -0.0511202
-0.713739 2.18706
-1.03153 0.623007
-1.27722 0.896643
1.23178 -0.330244
-0.971588 0.927286
0.660613 -0.910382
-0.373373 2.01282
1.16512 -0.47487
0.483364 -1.84416
-0.0708743 2.27062
0.701748 -0.248849
-1.08283 1.12875
0.505735 -0.185039
0.809704 -1.1083
-0.98304 1.04033
0.854596 -1.93505
0.057163 1.94967
0.773726 -1.02423
0.878663 -1.11478
-0.686262 0.271715
0.760598 -0.444785
-0.378751 1.94666
0.0247023 0.149759
-0.549336 1.82753
1.0669 -0.675074
0.003638 0.0756624
-0.783253 2.08368
-1.07667 1.49062
-0.0598869 -0.296387
0.879883 -0.218215
0.208323 -2.14532
0.282349 -1.95497
0.0605176 -2.22402
-0.709314 0.104696
1.01982 -1.42065
0.0851416 0.108638
-0.716732 1.00197
-1.02613 0.517158
0.734187 -0.305991
-0.23094 1.92994
0.525024 -1.94258
-0.449454 0.030812
-0.67886 1.50618
-0.990068 1.81079
0.122947 -2.09977
0.813381 -0.623152
0.526773 0.113757
0.391577 -1.73239
-0.052681 0.117863
0.77778 -1.60943
0.753266 -1.92476
0.851605 0.0997809
0.831476 -1.54459
-0.360937 2.08457
-0.286402 2.19418
0.603407 -0.260131
0.924612 -0.428182
-0.929426 1.74123
-0.192172 0.166823
-0.168174 -0.119461
0.805218 -2.15712
-0.0831178 -0.366591
-0.772876 1.88685
-0.576501 1.60978
0.166211 -1.8242
0.399049 -0.255668
0.93379 -0.498127
0.188544 -2.36913
-0.644128 0.0348266
-1.14372 1.30826
0.594092 -0.3892
-0.587942 2.33229
0.280973 -0.408939
0.312546 -2.01452
0.353644 -2.35493
-0.32512 1.76431
0.965759 -1.07884
0.235118 -1.86657
0.511612 -1.98765
-0.181291 0.367052
-0.000816725 0.0596534
0.925445 -1.48721
0.898702 -1.31505
0.591765 -0.105131
0.927903 -0.578949
0.686991 0.0147271
-1.07464 1.08137
0.720112 -1.27428
1.25454 -1.01146
0.477004 -1.26852
1.0583 -1.47478
0.910104 -0.580023
0.748737 -0.550521
0.263892 1.8875
-0.308552 1.62943
0.899747 -0.514859
-1.24576 1.53312
-0.843741 0.424616
-0.531547 0.486061
-0.733577 2.10443
0.646752 -0.747115
0.968384 -0.65616
0.0126709 -0.169752
-0.729789 1.53909
0.0669494 -0.278623
0.782605 -1.61164
0.250314 -1.63297
0.208508 0.317009
-0.943866 2.15103
-0.978285 0.50472
0.857469 -0.833178
0.896838 -0.512262
0.6151 0.0866207
0.975046 -0.724758
0.195165 -0.077552
0.872803 -0.906715
-0.0815807 1.94002
0.711741 -1.54793
0.747758 -1.55051
0.675454 -1.75576
-0.153974 -0.0665699
0.556635 -0.339923
0.634674 -2.03415
0.727375 -1.72198
0.83017 -0.38785
-1.09467 0.23678
-0.24633 0.171138
-1.10275 0.712979
0.856967 -1.19027
0.547493 -1.83561
0.54538 -0.0717169
0.716323 -1.65314
-0.856072 0.679749
0.308437 -0.354025
-0.117023 -2.07982
0.749854 -1.11814
0.0530936 0.0963691
-0.429702 0.490281
-1.32639 0.954474
-0.11607 2.04149
1.21756 -1.21565
0.927483 -1.1678
-0.563689 -0.0272443
0.362958 -0.036001
0.698697 0.0237023
-0.600277 1.03013
-0.8374 0.786951
-0.125688 0.0584536
-0.774827 1.78018
-0.715117 0.164482
-0.760375 1.65361
0.934532 -0.903819
0.62496 -1.43963
0.38317 -0.0483248
0.148928 -2.27584
0.959815 -1.28964
0.692716 -0.232105
1.14617 -1.33536
-0.112649 -1.73433
0.974811 -1.0223
-0.277692 0.079558
-0.43201 1.82114
0.777519 -1.37018
0.865499 -0.465679
-0.289461 -0.0210629
-0.90058 0.779792
0.272319 -0.208668
0.863079 -0.559178
0.746671 -0.22897
0.0990579 -0.196503
0.546219 -0.297983
0.586945 -1.31382
0.141817 -0.00105357
0.77053 -1.76305
0.238175 -0.409611
0.0275852 -1.77619
-0.601272 2.19019
-0.981403 0.419886
-0.871594 1.58299
0.956379 -0.758656
-0.839063 0.137825
0.591505 -1.87235
0.807061 -0.763723
0.621845 -1.75908
0.649201 -1.67806
1.17304 -1.01849
-0.362176 1.71352
-0.786208 0.807327
-0.216402 1.99462
0.858329 -1.96544
-0.703347 0.676594
-0.40142 -0.121365
0.0158817 -1.97525
-0.725514 0.166494
0.477074 -1.96523
0.867403 -0.819513
0.705505 -1.77204
0.512399 -1.92413
-1.21187 0.499255
-0.373603 0.160756
-0.652052 0.566166
1.14459 -0.269428
-0.533444 -0.21819
-0.883662 0.233328
-1.14427 0.654756
-1.16272 0.550455
0.216067 -0.0200081
0.114273 -0.0123342
-1.15589 0.0407083
0.525918 -1.65031
-1.07752 0.694708
-0.0629333 -0.0181865
-0.0350696 -1.87906
-0.567838 1.55568
0.778458 -0.890879
-1.04925 0.640745
1.07479 -0.870295
0.68718 -0.493427
-0.577934 0.761383
-0.924167 1.45737
-0.00931063 -2.1697
0.868732 -1.39935
-0.037055 0.126591
-0.553672 2.08197
-0.0339378 1.67975
0.387951 -0.0980253
1.01724 -0.955329
-0.298142 1.7193
-0.814292 0.51631
-0.286829 -2.33466
0.553441 -0.364057
0.652941 -1.5674
-0.461847 2.34964
0.718086 -0.455316
-0.220911 0.1627
0.199287 0.118411
0.814683 -0.165751
-0.936006 0.597987
-0.11322 -2.12751
-0.00265058 -1.80275
0.86717 -0.42174
0.0737671 0.0566657
0.970827 -1.492
-0.588226 1.25721
-0.867657 1.51219
0.888413 -1.35026
-0.843565 1.34354
0.298609 -0.296046
-0.702549 0.508464
-0.0459561 -0.123276
-0.981326 1.4186
0.786717 -0.291452
1.03287 -1.11397
0.0098225 -1.85428
-1.0046 1.53195
-0.157728 -0.146892
-0.79242 1.37734
-0.735845 2.16119
0.120963 -2.41936
-0.865232 1.51971
0.98618 -1.665
0.986939 -0.552589
0.682634 -1.54586
0.421835 -1.88658
1.05858 -1.71704
-0.824555 0.901625
-0.653825 2.10742
-0.771339 0.744182
0.381064 -0.347383
1.01667 -0.638311
0.390007 -1.62192
-0.514302 1.84617
-0.0832547 -2.26796
0.124314 1.75351
0.606968 -1.59479
-1.26435 0.499045
-0.998405 0.521324
1.1284 -1.13343
1.14348 -1.26383
-0.0954924 0.171838
0.73086 -1.41693
0.607513 -1.89841
0.877033 -1.24063
-1.13141 0.795892
0.785513 -0.942194
0.907205 -0.908327
0.805004 -1.98902
-0.348534 -0.0191936
-0.237495 0.482833
-1.02965 0.863226
-1.04457 0.531529
-0.433199 1.52519
0.768791 -1.5001
-0.468886 0.488618
-0.90323 1.32749
-0.894844 0.797843
0.645416 -1.2564
0.104905 -1.64421
-1.06595 1.10172
0.29387 -1.91033
0.00569641 -2.15735
-0.799577 0.620501
0.857677 -0.4311
0.399549 2.09463
0.463481 -2.01872
-0.285902 0.232668
1.02546 -1.00618
-1.04187 1.56776
0.560485 -1.90414
0.182353 2.11386
-1.0132 0.297973
0.788712 -0.228187
0.884262 -1.24936
0.0271612 -1.9393
-0.699861 0.779875
0.302673 -1.8025
-0.545095 1.97469
0.0721408 0.0629013
0.842575 -1.28483
1.31924 -1.62435
0.924013 -1.32795
-0.542997 1.7897
0.0628364 -2.2667
1.15431 -1.58253
0.540142 -0.275608
1.02879 -1.19614
-1.2692 0.861947
-0.655911 0.20696
-1.02924 1.06726
-0.619248 0.553212
-0.0454745 -0.0896411
1.03574 -0.772369
-0.905443 1.36243
0.907266 -1.07826
-0.359677 -0.0951912
0.0118656 -1.97889
0.125277 -2.14414
-0.166851 -0.161256
-0.597462 1.97173
0.845592 -1.39358
0.314817 -1.83143
1.0537 -0.71197
-1.22046 1.09812
0.0375387 -0.0061391
0.282192 -2.23924
0.0431655 0.132535
1.50846 -1.25789
0.672899 -0.0803724
0.461876 -0.0249522
-0.488894 1.94064
0.351759 -2.04993
0.531274 -0.0388595
-0.0832571 -1.86972
0.909348 -1.89871
-0.736041 0.91719
0.00281933 -2.06494
0.00374501 -0.139912
-0.66643 1.46783
-0.520985 1.57536
-0.213011 1.705
0.221468 -0.15242
-0.628655 0.996793
-0.169472 -0.275392
-0.388724 -0.197282
0.217196 -1.65351
-0.841564 1.67605
-0.904149 1.61502
-0.101637 2.01619
-0.844704 0.429478
-0.469363 2.1983
1.10783 -0.505126
-0.970865 0.788841
0.743154 -1.43187
0.767856 -2.02811
0.808702 -0.32919
-0.737037 0.387871
0.142953 -1.88582
-0.708655 0.707424
-0.408331 0.102401
-0.939728 1.01572
0.455292 -1.66912
-0.411567 1.89852
0.0149809 2.0074
0.72028 -1.58987
0.779648 -0.530728
0.951511 -1.47342
-0.924964 0.806852
-0.997432 1.12903
0.925056 -0.792101
-0.622602 0.168761
-0.854078 0.0667883
0.108419 -0.116423
0.0120667 -1.59091
0.948914 -1.78127
-0.814907 1.45013
-0.673238 1.58237
-0.170498 -0.0283829
0.592228 -1.9645
-0.394359 2.08833
-0.96044 1.32947
-0.367812 0.166184
-0.328933 -0.103962
0.639498 -1.79656
0.638617 -1.29953
0.0322304 0.0115749
0.34247 0.01387
-1.12247 0.709326
-0.997275 0.501485
0.808084 -1.455
-0.445162 2.1161
-0.729805 -0.0689045
0.546146 -2.14956
0.38914 -0.183794
0.747888 -1.93052
-0.017315 2.09807
-1.06337 1.31085
1.06462 -0.909092
0.182643 -1.63722
-1.11543 0.428313
0.0511015 2.41738
0.406655 -2.15255
0.91439 -1.04945
-1.16142 1.51229
0.470684 -1.96478
-1.08507 1.59076
0.862014 -1.42407
-1.00035 1.59181
-0.551581 1.32855
-0.611197 2.11248
0.212358 -2.07123
0.0481398 2.23845
0.618633 -1.30792
-0.328198 1.4469
0.863832 -2.09129
0.742362 -0.880001
-1.02364 0.92687
-0.819049 0.651632
-0.825843 1.36668
-0.53318 1.93586
-0.864775 0.657507
-0.627676 1.81421
-0.706171 1.73504
0.612158 -1.72196
-0.756417 0.247977
1.24899 -1.25389
0.663023 -0.39819
-0.424829 0.0107939
0.148999 -2.20127
0.600922 -1.47072
-1.13188 0.776842
-0.626309 1.91286
0.192724 1.66745
0.876746 -0.789418
-0.847015 1.89027
0.450143 -1.96522
-0.811598 1.28772
-0.272983 0.421355
0.945348 -1.14024
-0.971907 0.466253
0.281773 -0.352504
-0.863134 0.549
-0.758516 1.14835
-0.774959 1.69901
-0.353153 2.01554
0.0174979 -2.10454
-0.912725 -0.0145787
0.495076 -1.84846
-1.20763 1.39605
0.357608 -2.05999
-0.414759 2.07352
-0.489197 0.337301
0.215169 0.199117
1.34874 -0.842024
-0.722108 1.92238
-0.592196 -0.29654
-0.404494 2.25961
0.58508 -0.338045
0.0784756 -0.19033
-0.421579 1.74175
0.791361 -0.295395
-0.586698 0.300251
-0.508568 1.73563
1.10718 -0.893022
0.46345 -0.165698
-0.00722877 -0.114018
1.08533 -1.00978
0.0902229 0.227145
0.102349 1.67098
-1.04547 1.21764
-1.10569 1.70136
-0.0997884 -0.0312392
1.16183 -1.12176
-0.97322 0.969556
-0.631594 2.13696
-0.0680349 2.2875
-1.38573 1.2286
0.141342 -2.0411
-1.12999 0.752366
-0.23926 0.182915
-0.233265 0.275334
0.681601 -0.500988
0.553999 0.0477792
-0.796113 0.246241
0.559483 0.381778
0.298842 0.303853
0.371289 -1.78035
0.384854 0.148858
-0.763189 1.9267
0.385179 1.97898
-0.209031 0.21769
0.400986 0.108937
-1.02043 0.548113
0.730827 -0.204749
0.828717 -1.47134
-0.0183209 1.72364
0.657072 -1.94362
-1.10628 1.02264
0.363839 -1.57879
0.327719 -0.0664293
0.329114 -0.237004
-0.446653 1.89575
-0.67292 2.08286
0.0560949 -0.28583
-1.10482 1.10067
0.459541 0.317154
0.744671 -1.581
-0.962843 1.6223
-0.504307 1.63949
1.11816 -0.973546
0.726027 -0.625587
0.749771 -0.284525
-0.818288 0.280542
0.258466 -0.138668
0.559725 -1.70397
0.619658 -0.673219
0.862727 -1.81543
-0.855132 2.19563
0.62786 -0.386616
-0.408769 1.65133
1.2222 -1.36045
-0.431849 0.494832
0.812628 -1.56058
-0.805147 1.97818
-0.374212 0.410213
0.913835 -1.32468
0.933819 -0.854622
-0.695412 1.81077
0.494856 -0.240352
-0.909649 1.35671
0.225785 -0.296431
0.449628 0.265435
-0.251371 2.0379
0.328103 -2.12805
0.400721 -2.12025
-0.353066 2.12554
-1.119 1.25898
1.1646 -0.513787
-0.840577 1.5525
0.751317 -1.07754
-0.382395 1.83416
-0.293446 0.157877
-0.604689 1.72858
-0.334962 1.67953
1.1047 -0.708558
0.664329 -1.68374
0.934454 -0.485224
0.108835 -1.82851
-0.226827 2.1861
-0.267349 0.313561
-0.554841 0.675341
0.179108 -1.70639
-0.834092 0.288064
1.00401 -0.514252
-0.387661 -0.0406377
-0.532441 1.29648
0.544132 -1.8449
0.76461 -1.96118
0.363618 -2.04882
0.810128 -1.75281
0.567072 -0.138295
-0.621292 0.782508
-0.417061 1.65701
-0.221087 2.25193
-0.155394 -0.35773
0.742859 -0.424872
-0.610716 1.29726
-0.756399 0.335662
0.511721 -0.439603
0.667501 -0.514474
-0.861041 0.615736
-1.10306 0.268095
-0.0407779 -1.75915
1.19323 -0.218235
0.413628 -0.314074
-0.750133 1.01778
-0.85805 0.553381
-1.02162 1.01513
-0.150696 -0.157549
-0.414922 0.0752696
0.937615 -1.21606
-1.20936 0.939839
0.428178 -1.67717
-0.31947 2.02142
-0.530715 0.41346
0.621691 -0.466353
0.841778 -1.43089
0.163974 0.0369982
0.823801 -1.53751
0.237419 -0.0199924
0.479757 0.222727
0.583375 -1.79507
0.315824 -1.98877
0.369708 -2.00182
-0.0970068 0.185769
-0.726015 0.907669
-0.619979 1.71255
-0.961904 0.945803
-0.71414 1.25815
0.188175 2.06871
-1.18465 0.52872
0.690097 -1.4182
0.303064 -2.1623
-0.150726 0.204291
0.501786 -0.812829
0.566124 0.280664
-0.941536 0.850216
-1.07228 0.813866
-1.09726 1.02223
-0.337546 -0.0206114
1.05621 -0.340829
0.32152 -2.14101
0.834302 -1.37459
-0.690082 1.96053
0.615704 -0.461015
-1.13069 1.36627
0.860023 -1.5307
0.629852 -1.75195
0.942296 -1.74724
-0.253321 2.14538
-0.440719 2.0098
-0.383872 2.16486
-1.12645 1.3457
-0.339374 0.122504
0.765804 -0.160854
-1.1816 1.22598
-1.20442 0.726354
0.976733 -0.226104
0.720208 -1.38354
-1.13516 1.25827
0.572861 -1.69004
-0.530338 1.84147
0.362949 -2.20856
-0.400203 0.0219553
0.178005 2.33615
-1.2923 0.873367
1.04789 -0.610684
-0.403069 -0.112427
-1.15726 1.1697
-0.883446 0.683823
-0.268732 -0.356084
0.278529 -1.71023
1.42638 -0.567088
0.36341 -2.17553
-0.137893 0.44319
0.340535 -0.13862
-0.580033 0.0700088
-1.03186 0.987832
-0.535261 2.38396
0.888923 -0.864343
-0.623613 1.69507
-0.623862 1.50842
0.170961 1.64902
0.590558 -0.163368
0.223112 -2.07014
0.91308 -0.674415
0.895195 -0.0924818
-1.01401 0.124686
-0.720761 0.961059
0.199239 1.8733
-0.42416 0.104937
-0.436633 1.75486
0.328546 0.247279
-0.40993 1.21396
-1.21086 1.24315
0.224779 1.83181
-0.379894 2.29794
-1.12253 0.315004
0.80324 -1.28339
0.130475 0.129558
0.148713 -2.07478
0.307622 1.85143
0.772064 -1.37851
-0.733679 1.01435
-0.764257 0.728683
1.0559 -0.761213
1.19494 -1.87218
0.800074 -0.308229
1.07528 -0.880112
-0.783803 1.69767
0.0331197 2.01477
1.05581 -0.395477
0.971733 -0.63229
-1.01956 1.19717
-0.0391661 0.0986788
-0.219465 1.63189
1.05927 -1.67778
0.615549 -0.0303729
-0.602136 1.74371
-1.2565 0.501382
0.80975 -1.90744
0.643277 -0.13656
0.152909 -1.90571
-0.164485 1.7319
0.665212 -1.74517
0.98432 -0.994948
-0.0941779 0.174506
-0.84464 1.3539
-1.33569 0.666049
-0.195265 0.185584
0.247253 -0.395008
0.909779 -1.1788
-0.411252 1.9934
-1.00908 1.52879
-0.0729449 -0.0431554
0.914568 -0.414915
-0.668133 1.50567
-0.578671 1.80113
-0.0418912 0.0652902
-0.148672 0.201555
0.394733 -1.95037
-1.10629 0.692907
0.512113 -1.73403
0.108923 -0.277547
0.237197 -0.462772
-0.0185656 -0.00906067
-0.680076 0.654216
1.34638 -0.665417
0.685438 -0.347255
-0.631537 0.176045
-0.512085 0.362435
-1.03691 1.1581
-0.680539 1.45222
0.769221 -1.74595
0.903651 -0.674908
-0.25077 1.95146
0.155467 -0.286409
0.931503 -1.46935
-0.668702 1.79585
1.07721 -1.39405
0.866968 -1.58008
0.00694692 0.0530634
0.246796 -2.16279
-0.726291 0.765975
-0.280309 0.298252
1.06374 -0.995159
0.393845 -1.2415
1.02969 -0.929988
0.770348 -1.63848
-0.841825 0.368047
-0.870159 -0.106449
1.18166 -1.41872
-0.278743 1.50735
-0.132118 0.0636664
-0.610326 1.8646
-0.508295 0.372582
0.669198 -1.90842
-0.493162 2.01304
-0.314893 1.71672
0.528144 -0.057541
-0.244354 -2.32959
-1.25749 0.456961
0.649643 -1.7721
-1.08745 1.17731
-0.0270408 -0.263693
0.460946 -1.98728
1.08708 -1.61023
-1.213 0.672304
-0.44049 1.9987
-0.365247 0.100127
-0.170826 1.5541
-0.437812 1.6315
-0.43068 1.94219
0.893679 -0.497748
0.866149 -2.09769
-0.683578 -0.0166009
-0.713151 1.48399
0.245228 0.267498
0.473828 -1.66294
-0.690074 1.13878
0.840401 -1.07844
0.290746 0.40174
0.444667 -1.72864
-0.184083 1.88057
0.272948 0.145835
-0.216676 0.310723
1.24932 -1.52545
1.16435 -0.833722
-0.465739 0.0170393
-0.527713 0.323312
1.22835 -1.27849
-0.694545 -0.0700014
-0.613201 1.76786
-1.20366 1.63979
-0.314688 0.299539
-0.873507 1.45823
-0.422619 -0.0893924
0.470447 0.0233063
0.286054 -0.445273
-0.862428 0.976356
-1.13068 0.0780752
-0.828429 0.19709
1.16416 -1.57119
0.60978 -0.150778
-0.730604 0.591119
-1.16156 1.00372
-0.755741 0.572138
-0.0374755 -1.62967
0.831564 -0.366388
-0.597332 1.96176
0.991318 -0.676708
1.15453 -0.488009
0.464019 -0.0905418
-0.798385 0.539637
-0.419112 0.0608884
0.567088 0.00841479
-0.488485 -0.0210723
0.700352 -1.10646
0.558524 -0.216135
0.669446 0.0459578
-0.955028 0.866438
0.0774373 -0.574934
1.18289 -0.995758
-1.05359 0.486833
-0.871236 1.62662
-1.03542 0.399741
1.27895 -0.93911
0.039094 0.271717
0.735584 -1.56105
0.619814 -0.969297
0.6182 -0.0593728
-0.633209 2.01381
-0.851924 0.480851
-0.205917 0.033217
0.0234826 -1.91057
-0.0482207 -2.09392
0.413555 -1.68543
-0.692031 1.65021
0.691349 -1.42862
0.504532 -2.00157
0.486109 0.198739
-0.511893 2.00036
0.658052 -0.73811
0.437054 0.030424
-1.41349 1.24937
0.833915 -1.78735
0.666529 0.185568
-0.881806 1.32259
1.00506 -1.45738
0.379695 -0.168473
-0.943142 0.487946
0.750283 -0.775657
0.698865 -0.224645
-0.128589 -1.83956
-0.176604 0.0686289
-0.979271 1.26146
-0.958787 1.46134
0.778244 -0.474469
0.288931 -2.12116
-0.85945 1.70796
-0.0264695 2.01024
1.02703 -1.16244
0.0887669 1.93825
-0.654614 0.686876
0.113771 0.166299
1.00435 -1.03364
0.180934 -1.88415
0.701044 -0.0369738
-0.787673 1.68511
0.588006 -0.353289
0.618067 -0.469414
0.557718 -0.029413
-1.07711 1.26861
0.725101 -0.856068
-0.668012 1.80629
-0.126427 -2.20883
-0.357564 1.98712
0.109103 -1.87221
-0.0590294 -0.248963
0.226745 -1.54681
-0.552841 0.673643
0.864193 -0.669109
-0.363533 1.39224
0.921135 -1.74971
-0.532667 0.195349
0.137397 -2.64949
-0.343077 0.278956
0.959124 -1.06426
-0.449053 0.308935
-0.258141 1.79103
0.383562 -1.85835
0.873442 -0.999399
1.00626 -0.588096
-1.04477 1.18782
0.754147 -0.930606
-0.235851 1.83913
1.21662 -1.27177
-0.819372 2.19052
-0.0628708 1.79738
-1.27714 0.963683
1.08557 -1.19984
-0.645843 0.383107
-0.375762 0.295184
-0.477127 0.359734
1.3174 -1.06034
-0.360631 0.283523
0.567033 -1.68051
-0.856834 1.71896
0.22604 0.436524
0.920141 -0.411698
0.900538 -1.04034
0.76556 -1.82033
-0.698017 1.91947
0.144191 -0.136369
-0.898726 1.56819
1.19404 -0.800489
-0.951754 1.52237
0.785095 -0.35176
-0.504565 0.0628328
-0.873386 1.35445
-0.785045 0.58273
-0.176927 1.44739
-0.902975 1.50131
-0.489711 0.380022
-0.6548 1.84626
0.648181 -1.6337
-0.765706 0.341258
1.1709 -0.845924
0.846715 -1.20762
-0.710948 1.91089
0.503558 -0.53914
0.421193 -1.67818
0.751264 -2.20237
-0.890308 0.785695
0.394626 -1.96829
0.0485674 1.8555
-0.532122 0.320718
-0.994189 0.99573
-0.412294 0.0112025
0.42115 -1.65364
-0.173119 0.230225
-0.843092 1.8127
0.492853 -1.18131
0.695665 -1.63033
-0.352463 1.91648
-0.69908 1.31287
0.722414 -0.620772
0.550452 0.123258
0.123734 0.58037
-0.616928 0.184197
0.217846 -0.00577359
-0.528206 0.0622153
0.721582 -1.67592
0.517706 -1.65331
1.0125 -0.679279
-0.790803 1.19816
0.561497 -1.74727
0.667451 -1.63546
0.972393 -0.963189
0.818377 -1.4085
0.860659 -0.599341
-0.590764 1.86507
-0.116795 1.83522
1.18293 -1.11118
0.973901 -0.965468
-0.309442 -0.116932
0.978508 -0.380816
0.110358 -2.27798
0.0544417 -2.08945
0.394288 -1.93198
0.857472 -1.50573
-0.311054 -0.122115
-0.0674377 -0.379326
0.764479 -0.413236
-0.500487 0.139207
-0.136087 1.98856
0.384491 -1.9744
0.882833 -1.83919
0.582503 -0.159642
0.679859 -1.20473
0.394463 -0.220064
-0.745703 1.69766
1.05897 -1.11485
-0.0578976 1.6422
0.432512 -0.456614
-0.845793 1.60549
-0.795111 0.107728
-1.05725 1.09284
-1.01139 1.23576
-0.297338 0.0380133
-1.19218 0.95258
0.984059 -1.01933
-0.915309 1.28857
0.110357 0.101663
-0.361136 0.604105
1.42461 -1.06951
1.1783 -0.918372
-1.18999 1.85387
0.527047 -0.143324
1.00915 -0.147247
0.891824 -0.971843
-0.522358 1.74002
-1.03433 1.05648
0.982286 -0.898583
-0.919191 1.82044
-0.811105 1.41463
-0.0376884 -1.99853
1.25713 -0.987957
-0.0533176 -2.0549
-0.00893931 2.08579
-0.252989 -1.99814
0.194766 -0.189878
-0.687651 0.138429
0.439875 -0.0677727
-1.10323 0.335632
1.26568 -1.50657
1.28006 -0.928359
0.857545 -1.67533
-0.59315 2.03701
-0.745632 0.591409
0.712485 -0.449144
-0.791881 0.965234
1.05265 -0.642962
-0.407512 0.337733
-0.93598 0.454657
-0.0810345 0.141485
0.797657 -1.89025
-0.50937 1.603
-0.318311 1.50993
-0.902429 1.40544
0.228923 -1.85095
-0.473169 -0.185415
-0.616697 1.57011
-0.0479237 -0.0798753
1.16678 -0.933444
0.0817327 0.203237
-0.141684 0.266867
0.791643 -1.76786
-0.575987 2.01241
1.10842 -1.16229
-0.363954 0.268581
0.11215 -0.0228323
0.375868 -2.00044
0.161731 0.138991
-0.798777 1.78685
0.926559 -0.32798
-0.653655 0.97444
-0.837321 1.54953
1.04595 -0.543136
0.0502433 -0.183231
-0.661003 0.878173
0.849373 -1.52999
-0.195995 1.95439
0.670952 -1.80187
-0.905271 0.93182
0.143663 -0.0234029
0.692961 0.0127302
-0.484455 -0.21721
-0.0377876 -2.07885
-0.699818 1.3157
-0.403398 -0.0621769
-0.778166 0.553717
-0.477725 1.96505
-0.152275 -1.81768
0.7705 -1.09885
0.638887 -0.02271
-1.0729 0.916619
0.789521 -1.23304
-0.162212 0.0357923
0.981973 -1.2934
-1.02106 0.294839
1.109 -0.0730682
0.744682 -0.666382
0.930181 -0.162458
0.97568 -1.23309
0.420943 -1.73533
0.837307 -0.247166
-0.154898 -1.92565
-0.853383 1.11074
1.11249 -1.12136
-1.30047 0.952363
-0.907862 0.566047
0.844622 -1.6844
0.22493 -1.83612
-0.486246 2.07838
0.630325 -0.274307
1.00646 -0.441614
-0.0103078 -0.106459
0.628305 -1.93674
0.795992 -0.370678
-0.110753 0.210568
0.627939 -1.74575
0.876277 -1.27826
-0.340392 2.13873
0.562709 -2.04741
0.770946 -1.28362
-0.629655 1.64452
-0.0345999 -0.271147
0.838323 -0.18405
0.512505 -1.78366
0.0767487 0.152807
-0.866413 0.64816
-0.149766 -1.9519
-0.732085 0.357422
-0.733453 0.509568
-0.615073 1.88835
-0.186186 -0.200402
0.0950046 -1.87473
-1.26771 1.36575
-0.841837 0.824461
-0.784514 1.24403
0.883033 -0.230723
-0.3688 0.339698
-0.985835 1.42717
-0.777735 1.23164
0.0498965 0.0591417
-0.792918 0.319371
-0.879047 0.833022
0.952648 -0.837597
-1.16885 0.7574
0.369638 -1.10438
-0.975989 1.41833
-0.0811275 -1.76336
0.584916 -0.440649
0.693705 -1.4946
0.962298 -0.798527
1.2124 -0.743356
0.429165 0.179308
0.336997 -0.258451
0.401793 -0.0795453
0.0512894 2.20079
-0.343697 -0.272738
0.341676 -1.93502
-0.938856 0.87607
-0.304226 1.79112
-0.833519 0.161931
0.812231 -1.55498
1.07194 -0.690739
-0.965508 1.34319
0.821555 -0.929896
0.557328 -0.508947
-1.01343 1.06591
0.248571 1.6689
0.0821872 0.162444
-0.973743 0.172826
-0.44674 0.166744
-0.689089 -0.162501
1.08784 -1.03341
-0.00938006 0.44485
0.330167 0.076881
-1.08828 1.04505
-0.0469192 -1.80686
0.628409 -0.389029
0.760798 0.0341852
-1.02988 1.067
-0.735656 1.72245
-0.0889528 1.97527
-0.931853 0.740817
0.0542761 1.61836
0.791748 -0.325272
1.3772 -1.18922
-0.788863 1.87012
-0.492114 1.51709
0.988018 -1.05773
0.657298 -1.69987
0.658802 -1.03356
1.0083 -0.715842
0.213888 -0.371488
0.0792841 -1.78624
0.930107 -0.540644
-0.656173 1.30371
-0.916855 1.76231
0.829699 -0.626869
1.23053 -1.32625
0.0902291 -0.209894
-0.75348 0.984218
0.267491 -2.11638
1.06261 -0.697507
-0.78418 0.722639
0.106503 0.0272186
0.30658 -0.0684382
-0.813987 -0.167002
0.697249 -2.01535
-0.806813 1.47005
-0.789101 1.31005
0.678503 -1.55559
-0.907196 1.05603
0.143483 -0.108627
-0.341664 -0.272969
0.809253 -0.212915
0.717493 -0.231607
0.235013 -1.67294
0.356158 0.0488293
0.752595 -0.437683
-1.02015 1.07118
-0.543289 1.81359
0.902989 -1.03997
0.74877 -0.268979
0.548735 0.202345
0.942407 -0.338973
0.527379 -1.9042
0.439737 -0.456889
-0.699653 2.00091
0.94116 -1.80903
-0.581079 0.466666
0.773389 -0.845569
0.672665 -0.261937
-0.145993 -0.0488144
-0.266296 0.159231
1.17823 -1.44159
-0.321703 0.231106
0.767821 -1.70126
-0.474757 -0.156156
-0.38763 1.46867
-0.829069 0.85042
1.23604 -1.49013
1.18659 -0.870208
-0.964873 1.08952
-0.47498 0.293096
-1.09881 1.57055
-0.26573 -2.11907
0.520633 -1.86459
-1.37121 1.10868
-0.0171286 0.110332
0.843395 -0.817003
1.07438 -1.03192
-1.01917 0.885039
1.00919 -1.45492
0.0636167 2.07619
-0.787217 2.02045
0.59285 -1.51624
-1.14371 1.16626
0.86373 -0.593998
0.80473 -0.302591
0.0119429 1.97483
0.427362 -0.165262
-0.667781 1.65107
-0.867917 0.467241
-0.650572 1.89817
5.8741e-05 -1.83549
-0.346772 -0.21015
-0.372293 1.91511
-0.611442 1.36014
0.493461 -0.139165
0.462121 -1.6739
1.02428 -1.4204
0.913745 -0.594368
0.490508 -1.60899
0.751406 -0.926246
0.953296 -0.473686
0.479224 -1.85933
-0.104625 1.93463
-0.756527 1.59212
-0.825063 1.18967
-0.982232 0.489597
-0.590976 2.13308
-1.00495 0.566534
1.31104 -1.28084
0.936247 -1.67941
-0.0618664 -0.117683
0.756366 -0.670754
0.685245 -0.281307
-1.05591 1.58033
-1.06304 0.763874
-1.10796 0.991408
0.901485 -1.41376
-0.214027 -0.379801
-0.25353 2.04245
-0.283349 0.206288
0.77884 -1.71498
1.01056 -1.33419
0.889573 -0.189008
1.15852 -1.02071
-1.33178 1.40908
-0.382326 1.7882
-0.874581 0.987706
0.333078 -0.104363
-0.718149 1.85008
-0.123053 -1.99595
-0.528222 0.493166
0.391251 0.13359
1.1237 -0.85547
-0.896561 0.358968
0.726478 -0.146036
1.04082 -1.0792
-0.877373 0.587517
0.113305 -0.148472
-0.964125 0.825647
-0.854435 0.319979
0.823644 -1.71901
0.939488 -1.48037
0.826889 -1.4873
0.588279 0.188533
-0.0106385 1.81978
0.865441 0.0714993
-1.24561 0.230059
-1.36465 0.721868
0.267286 0.5003
0.800809 -2.29222
-0.977216 1.1136
0.659687 -0.14675
-0.0403217 0.129048
-1.24547 1.11078
0.777737 -0.66637
0.349633 -2.21166
1.08733 -0.717874
-0.694352 1.864
-0.135542 0.269328
0.168114 -1.95419
-0.917631 0.66815
0.38839 -1.94951
-0.652913 1.82932
0.728014 -0.506072
0.805773 -0.848075
-0.971172 1.66186
-0.436543 -0.276732
-0.686241 0.32124
-0.726637 0.874085
-1.36636 1.40911
0.638494 -1.50174
1.16631 -1.07536
0.415101 -1.93305
0.701955 -0.469253
1.37277 -0.127702
0.140752 2.17038
1.04403 -1.50508
0.617132 -1.52485
-0.027714 1.69996
0.0950135 -0.0989251
-0.410205 1.98155
-0.246022 0.114043
0.312403 -1.65929
0.948924 -0.874023
0.670236 -0.235601
-0.872343 0.818628
0.0498413 -0.170148
-1.03731 0.871062
0.634656 -1.24825
-0.388083 1.54417
0.753232 -2.40484
0.84152 -1.12849
-1.02092 0.527936
-0.214311 0.206512
-0.324996 1.74119
0.701992 -1.87286
-0.228834 0.286709
0.668827 -1.83326
0.856704 -0.775742
-0.0385283 -0.19121
-0.145349 0.152514
-1.041 0.87032
-0.389663 2.34388
0.189288 0.15874
-0.78034 1.62932
-0.821513 1.34897
-0.745442 0.427264
0.468525 -1.99196
0.902855 -0.998291
0.19694 0.279783
0.470533 -0.993231
-0.873316 1.15653
0.64813 -0.44558
0.653572 -0.480853
0.981105 -0.884085
-0.840964 1.51806
-1.16627 0.22313
0.627576 -1.46542
-0.369571 0.378733
-0.443837 1.80644
0.85427 -1.36483
-1.07534 1.0765
0.915984 -0.302996
0.562267 -1.81143
-0.27977 -0.114604
-1.04281 0.184545
-0.0431413 -1.81824
-0.976114 0.8422
-0.759868 0.468915
-0.375755 1.52043
0.872989 -1.28035
0.564904 -0.369658
0.196349 0.135002
0.642022 -0.101219
-0.234556 1.86839
-1.35798 1.18185
0.48114 -0.185464
-0.666132 -0.120616
-0.869955 1.03187
-1.2941 1.14936
0.402119 -1.63519
-0.956703 1.32197
0.956929 -0.738195
0.403536 -1.81136
0.240765 0.0928574
-0.254283 -0.0580314
-1.04006 1.30506
-0.390998 1.55638
-0.0898354 1.88383
0.0206064 1.85816
-0.534555 0.299952
-0.530098 -0.164846
-1.24265 0.926013
1.36696 -1.28113
-0.0663365 -0.16913
-0.572101 1.6939
-0.0180973 -1.63295
-0.0595695 2.26363
-0.855661 1.85067
-0.132076 -0.417842
0.319184 -0.441338
0.766009 -1.99996
-0.743725 1.65171
0.534522 -0.243213
-0.489303 1.64775
0.0627262 0.0151477
0.319371 -0.226313
0.0150436 -0.00959553
-1.09894 0.879726
-1.08764 1.43796
0.880368 -0.761848
-0.0786343 -0.0773768
-0.0674799 0.100193
-0.681959 2.11197
0.477954 -0.191268
-0.855165 1.28815
1.01456 -0.538872
0.787821 -1.69412
0.927416 -1.06717
-0.77363 1.4852
0.460569 -0.443045
-0.978079 1.48554
-1.06527 0.275812
-0.753684 1.3896
-0.244852 -0.104699
-0.824865 1.43483
1.01228 -0.851308
0.149223 -1.80666
-0.928085 1.41828
-0.682432 2.25448
-0.971837 1.24338
-1.26758 1.40722
1.01657 -1.09174
1.02813 -1.20703
1.06898 -1.02203
-0.31951 0.0723815
0.429562 -1.78974
-0.942278 1.89725
0.28128 -0.0207075
-0.292281 0.0873112
0.0481056 -0.0658242
0.711753 -0.0332628
0.291004 -2.33742
0.0507286 -0.310731
-0.021247 -0.0134867
-1.0239 0.667682
0.392814 -0.281719
0.782812 -1.39437
-0.753175 0.47523
-0.120139 -0.23597
1.10443 -0.929673
0.972044 -0.958106
-0.502808 0.281086
0.471572 -1.54496
-0.560039 0.329847
0.967655 -0.883852
0.317901 -1.85497
0.813154 -0.713747
0.196811 -1.7267
0.176435 -1.62482
0.833159 -0.745207
-0.359792 -0.000732996
0.936056 -1.54768
-1.08642 0.66118
-1.43396 0.727753
-0.871838 1.52941
-0.711464 0.109072
-0.40834 -0.0259816
0.990206 -0.659644
0.449396 -0.179506
0.768867 -1.75927
-0.848855 0.46073
0.457647 -1.91636
-0.796305 1.54993
0.386754 -0.456533
0.432934 -1.14493
-0.00835994 -1.98453
0.512942 0.164241
0.497726 -0.290735
-0.460413 1.24177
-0.53636 1.57247
-0.221197 0.19382
-0.449123 -0.310258
0.262117 -2.34766
0.716762 -0.641196
0.102484 -0.0396478
0.657181 -1.97512
0.484543 -1.34746
0.551554 -0.145987
-1.02608 0.0111051
-0.388623 0.453718
-0.902564 0.471469
0.812893 -0.0117809
0.751383 -1.7741
0.532251 -1.96749
0.895925 -0.999392
-0.727261 1.68262
0.986652 -1.9649
0.458369 -0.125086
0.176783 0.168748
-0.663821 1.55834
-0.923833 1.06699
0.638509 -1.62985
-1.2262 1.65993
-0.953904 0.880818
-0.796348 1.24823
0.512722 -1.30111
-0.367381 1.61957
-0.969883 0.131499
-0.449382 -0.29592
-1.08515 0.96764
0.857013 -1.86878
1.02988 -0.852436
-0.992605 0.753804
0.505554 -1.7441
0.451981 0.119597
1.08107 -0.633271
0.557868 -2.06004
-0.642118 1.71893
-1.08196 1.29493
-0.609281 0.794879
-0.644428 0.1467
-1.08746 0.978102
-0.674939 -0.0226616
0.493775 -0.859205
-0.748777 0.690672
0.967854 -0.586013
1.15885 -0.873386
0.775693 -1.98861
-1.3283 1.09209
0.766825 -1.61518
0.471981 -1.90749
-0.708452 0.0200991
0.995322 -1.29268
0.249397 -1.5326
1.12843 -1.00357
0.900826 -0.2011
-0.498426 0.124147
0.945544 -0.996287
-1.30043 1.32396
-0.8561 1.49722
-0.157085 -0.0498564
-1.23349 1.18497
1.10209 -1.06507
-0.347708 1.69999
0.349622 -1.83102
-0.172172 2.03934
-0.093066 0.413682
-0.362988 -0.00574371
-0.232247 2.15037
-1.15335 0.930672
-0.735405 1.78867
0.864883 -1.59544
-0.0695408 -2.01773
-0.284015 -0.377045
-1.01795 1.04303
-1.14743 1.07181
1.44081 -0.85607
-0.859463 1.88251
0.748621 -2.13348
-0.598111 0.27333
-0.0783002 -2.35956
-0.981097 0.254358
0.438286 -1.69157
-0.714212 1.86398
-0.39602 -0.14059
0.103473 0.116833
-0.538 1.8005
0.557352 -0.0918415
-0.431163 0.217098
0.488284 -1.84727
0.532196 -1.62987
0.703208 -0.443677
-0.147371 1.72841
0.288803 -0.0461274
-0.440942 0.069282
1.23165 -0.432672
-0.758051 -0.117002
-0.555965 1.84955
-0.20355 1.91534
-0.454767 -0.326756
-0.64714 -0.129387
0.148825 -0.17607
1.24723 -1.18074
0.147234 -0.0847376
1.01106 -0.124948
0.698181 -0.771343
0.688228 -1.08903
0.512199 -1.82568
0.373165 -0.0623954
-0.460325 1.93033
-0.869902 0.108037
0.0928263 -2.07198
-0.661726 0.4906
0.0800344 -0.297821
-1.17846 1.49497
1.08299 -0.767816
0.726573 -0.475414
-0.79572 2.01839
0.855512 -1.32277
0.73398 -0.888693
0.925787 -1.64947
-0.547504 1.25074
-0.818545 1.1114
0.487142 -1.4195
0.639878 -0.495626
-0.803312 1.54484
0.122984 -1.98657
0.579967 -0.509978
0.835521 -1.19364
-0.625155 0.171684
-1.35374 1.13028
-0.912997 1.93434
0.0196467 -1.76681
1.06396 -1.44251
0.76936 -1.48588
-1.00607 1.5258
1.01235 -1.46766
-0.818471 1.56899
0.480795 0.18993
0.67876 -1.71284
0.19702 0.215577
-0.380072 0.108127
-0.0924037 0.00883484
-0.219113 0.0661938
1.0759 -0.25683
-1.32963 0.546639
0.452712 -0.362158
-0.766104 1.43997
0.877684 -1.08641
-0.124852 -0.157304
0.616777 -1.6959
-1.1486 1.10309
0.533418 -1.62019
0.668252 -0.565688
-0.779515 1.81865
0.169695 -0.319573
-0.909125 0.15196
-0.61266 1.87008
0.819875 -1.12923
0.911964 -0.522726
-1.05989 0.248669
-0.939871 1.22693
-0.478738 0.363511
0.592199 -0.860193
-1.10088 1.74881
-0.410429 0.17432
0.839334 -0.861113
0.73502 -1.10679
0.604588 -0.995723
1.0151 -0.782245
-0.207167 -0.5704
0.495053 -1.57865
0.235148 -0.0727978
-0.831946 0.491788
0.65107 -0.267429
-1.0933 1.28936
-0.61118 0.772676
0.0346331 0.0863582
-0.706781 0.11326
0.927945 -1.77175
-0.552257 -0.134022
0.964137 -1.6229
1.08838 -0.428066
1.02178 -0.842539
-0.0545266 0.117548
-0.748782 1.45743
-1.04655 0.637764
-0.984579 1.58465
-0.857241 1.87721
-0.848735 1.50479
-0.289867 -1.65357
0.541305 -2.06508
1.02401 -1.23627
1.15351 -0.596305
0.722462 -0.4248
-0.662702 0.38627
-0.511276 2.02773
-0.973254 0.178297
0.00104317 -1.84286
-0.110459 -0.0189869
-1.391 1.01439
0.161121 -1.72144
0.837089 -0.537034
0.771334 -1.61451
0.774578 -0.211518
-0.549559 1.81536
-0.798567 0.680043
0.0502601 -0.226429
-1.16945 1.28221
0.829915 0.173957
1.07717 -1.93361
0.517042 -1.54074
1.06374 -0.704508
-0.146089 -0.035306
-0.132719 0.196955
1.12213 -0.251219
-1.02399 0.96661
1.09132 -1.79218
1.05876 -0.944618
0.438979 -1.77672
0.514042 -1.98836
0.423645 -2.00114
0.841482 -1.11079
-0.750041 0.953951
-1.20471 1.24763
0.279724 -1.96872
-0.932219 1.46719
-0.802108 1.26943
0.0773763 -0.372111
1.02677 -1.3403
0.611295 -1.80024
0.743824 -0.546553
0.73329 -1.10824
-0.760418 0.261647
0.275675 -2.30856
0.823294 -1.81281
0.0380547 0.0518543
-0.776484 0.335196
1.38298 -1.26687
-0.273604 2.19995
-0.735881 1.74427
-0.162668 -2.17853
-0.961647 0.874704
-0.785131 0.243386
0.274285 -2.04882
-0.865695 0.643942
0.358228 -0.35868
0.855272 -1.49181
0.892208 -0.987784
1.07995 -0.75908
-0.885171 1.84868
-1.23807 1.45611
0.874434 -1.29755
0.313342 -1.81853
0.209434 2.12322
0.860284 -0.433437
-0.178652 -0.294193
0.982048 -0.488493
0.831692 -1.26622
-0.569038 0.0758699
1.12441 -0.886016
0.413404 -1.64495
-1.03087 1.17582
-0.582095 0.0171725
0.0281694 -1.96574
0.648877 -1.40731
0.901421 -0.828498
-0.564916 -0.0127794
0.181259 -0.297747
-0.0985184 -2.07546
0.345422 -1.94518
0.919083 -0.949369
-0.897179 1.86913
-0.826739 0.444481
-0.908564 1.34819
-0.615797 1.31372
-1.03275 1.28865
0.658509 -0.0124582
0.545988 -0.252252
-0.716545 0.11792
-0.664008 1.70349
0.944251 -1.72062
0.71557 -1.00248
-1.22254 1.01022
-0.844256 1.37455
0.131346 -2.08062
0.187963 -0.287244
-0.863111 1.79475
0.314687 -2.44566
-0.877829 1.29229
-0.692005 1.49677
1.10291 -1.32457
-0.0223055 2.02068
-0.575698 1.72547
0.38135 -1.79255
0.602192 -0.292645
-1.27983 0.88148
-0.596097 -0.0318834
0.54358 -0.489527
-0.255984 0.131307
-0.361584 1.46483
-0.822265 0.635146
0.45877 -1.80893
0.544784 -1.98818
1.2059 -0.383166
-0.799217 0.338962
0.589204 0.0813367
0.102043 -1.85395
0.871509 -1.37506
0.184445 -2.09537
0.966068 -1.68889
0.540587 -1.82784
-1.41178 1.15043
0.439009 -2.12911
0.38296 -2.08837
0.5113 -0.342066
0.738658 -0.162683
1.29405 -1.32419
-1.11911 1.63857
-1.30526 0.79627
-0.920378 1.18376
-0.0298289 -2.0984
-0.286797 -0.138342
-0.886636 1.48664
0.911795 -0.115216
0.983121 -1.8751
0.556899 -2.02953
-0.884226 0.817008
0.731084 -0.675766
-0.32345 -0.16565
0.658074 -0.374559
-0.951689 0.544918
-0.43232 2.20455
-0.731302 0.760315
0.431262 0.175732
1.16355 -0.991673
0.580274 -0.269741
-0.616732 1.55444
-0.698505 1.6474
0.0954252 -2.05813
-0.433314 -0.128536
0.62442 -0.0432864
-0.91375 0.949455
0.0634278 0.0366846
-0.238162 0.145475
-0.0215319 -0.10344
-0.0835577 -1.86717
-1.11435 1.0956
0.85267 -0.401264
0.786097 -1.65935
0.481472 -2.12778
0.71496 -1.49766
0.904217 -0.197562
-0.163182 1.97808
-0.45978 1.62835
-1.02301 1.15437
-0.336192 1.79419
-0.14343 -0.11097
0.176715 -1.78855
-0.349523 0.341947
-0.769668 1.50482
0.493271 -0.305034
-0.76383 1.82276
0.856322 -1.07589
-1.23181 0.869375
-0.334614 -0.0508475
-0.300338 0.0497267
-0.086555 0.113125
-0.270466 -0.176283
0.410831 -1.38036
-0.750941 0.756416
0.581059 -1.86688
0.843338 -1.07207
0.0758303 -1.8991
-0.589524 0.443592
0.85255 -1.3815
-0.746029 1.3951
-0.0535538 -2.00858
0.855382 -1.49858
-1.0105 0.501629
1.14918 -0.874797
-0.240286 2.29331
-1.28897 1.26937
-0.237234 2.26587
-0.0133426 -1.98535
0.680584 -0.717283
-1.0533 0.784713
-0.73366 1.22463
0.612806 -0.230868
0.256552 -0.218963
1.08409 -1.30217
-0.588791 0.956988
-0.932277 1.9084
0.0414254 -1.84925
0.65028 -1.26987
0.875923 -1.38081
-0.345926 1.97321
0.918984 -1.24191
0.462509 -0.163141
-0.303314 0.179135
1.23092 -0.854203
-0.515463 -0.350908
-0.0684216 -0.115666
-0.620213 1.60892
-0.0960135 -0.242001
0.951984 -1.12866
0.551405 -0.0710152
0.617848 -0.291405
0.27385 -0.0628522
0.0393682 -0.00629781
-0.16312 -0.0563298
1.06518 -1.15125
0.304944 -1.92585
-0.901967 1.10576
0.523964 -0.235307
-1.00422 0.883322
0.859233 -1.42218
-0.0653283 1.8261
0.66717 -1.66368
-0.864051 1.46716
-0.111413 1.89026
-0.330427 1.93562
0.930497 -0.761356
0.370133 -0.205138
0.0555757 -0.116288
-0.404582 1.88432
-0.539565 0.406169
-0.662521 0.253787
-0.970778 1.56801
0.157883 -2.12378
-1.07552 0.661123
-0.974888 0.764375
-0.558878 -0.0244185
1.09546 -1.25133
-0.649623 0.470077
-0.642686 0.270541
0.259487 -2.16505
-0.157414 1.99653
0.714167 -0.146334
0.496501 -1.7723
0.494214 -1.9327
0.074261 -0.111023
-0.780563 1.17251
0.809391 -1.85313
-0.201159 -0.27595
1.17092 -0.847207
0.784166 -0.508802
0.712781 -1.52533
-0.388267 2.1559
-0.387175 2.04631
0.0182069 -0.0622291
0.45846 -1.9669
0.763714 -0.094371
-0.367641 0.242459
0.732599 -1.46979
1.00284 -0.249907
-0.885819 0.73144
-0.944162 0.484166
-1.07793 0.903589
0.553559 -1.44228
0.205414 -2.01508
-0.792039 1.43016
-0.795888 1.60435
-0.949855 1.28291
0.828477 -1.02616
-0.143687 0.318496
0.51911 -0.420628
1.04481 -1.78796
-0.95833 0.615325
-0.776547 0.8959
0.740146 0.0771937
-0.574558 0.351593
-0.580897 0.719261
-0.516301 1.69547
0.228203 -2.07097
-0.993493 1.67775
-0.122789 2.07253
-0.021025 -0.314025
-0.985558 1.14923
0.823077 -1.94574
0.257544 1.86434
0.662317 -2.21062
-0.467897 2.38666
-0.801764 0.682456
-0.524985 1.78772
0.34073 -0.146468
0.532841 -1.45787
0.644538 -0.480349
-0.359146 0.388744
-1.25974 0.238623
0.0780875 -1.6767
0.807391 -1.82516
0.927554 -1.8187
0.839135 -0.280161
-0.140776 0.121863
-0.349804 -0.171144
-0.896713 1.48632
-0.780503 0.424044
-0.38437 1.84121
0.669132 -0.479925
-0.502248 0.0486179
1.12591 -1.09999
0.811903 -0.585422
0.42713 -2.00857
-0.226416 2.14443
-0.489505 1.72279
0.160363 2.11218
-1.0786 1.01576
0.80243 -1.77833
-0.956971 0.733943
-0.651334 0.652438
0.97062 -1.26822
0.179551 2.05773
-0.79656 1.22209
-0.516414 0.342333
1.05762 -1.06554
0.212828 -0.057344
0.701299 -0.535002
-0.748441 0.375391
-0.0768719 -1.58769
-0.888694 1.67168
-0.275291 0.0100857
-1.10107 1.25406
0.682452 -0.0189598
-0.767488 1.06547
0.580768 -0.961241
0.194161 -1.96937
-0.622038 1.84598
0.626597 -0.311327
0.409 -1.54094
0.708299 0.0486252
0.805536 -1.21343
0.949799 -1.63904
0.895616 -1.14448
0.0373993 0.0444585
0.153978 0.192654
0.853761 -0.417663
0.918024 -0.687581
0.283115 -0.239235
0.557862 -1.38858
0.798037 -0.200844
0.868295 -0.812006
0.297903 -0.123936
1.02203 -1.28109
0.78976 -1.45531
-0.654066 1.64711
0.271242 -0.738804
1.15258 -1.54891
0.364709 -1.69502
0.535683 -1.3041
-1.12604 1.03132
0.495262 -1.7479
0.697017 -1.45765
-0.183028 2.03541
-1.31945 0.889505
-0.961607 0.527928
-0.132986 -0.148888
-1.23218 0.761363
-0.964771 1.64378
-1.12875 0.137375
-0.691566 1.81841
-0.42414 0.30794
0.812077 -0.384055
-0.670035 -0.00300065
-0.86149 0.966012
0.831412 -1.03202
1.35676 -0.912966
-0.730071 0.294621
-0.552517 2.0131
-0.945694 1.4066
-0.803229 1.67709
-0.91689 0.425598
0.309939 -0.118852
0.57079 -1.53653
-0.872117 1.39148
-0.330594 0.155913
0.930111 -0.826002
-1.19419 1.22709
0.0292014 -0.40518
-0.869181 1.59868
0.507161 -1.39555
-0.129707 2.26204
0.0689372 -0.27272
0.170877 -1.86655
0.493187 -2.1135
-0.418558 2.05986
-0.744011 1.44334
1.22871 -1.09333
0.0761494 -0.0272708
-0.56922 2.01905
-0.974766 1.43689
1.12442 -0.957067
-1.03295 0.814695
0.673141 -1.99466
0.759959 -1.8841
0.820828 -1.0232
-0.376239 0.431569
-0.0797075 -0.240514
0.942506 -1.40602
-0.906714 1.02416
-0.349917 1.73217
-0.473711 0.306773
0.248865 -2.10595
0.18887 -2.33523
-0.606372 0.273267
-1.00056 0.816697
1.20411 -1.38614
-1.06095 1.32695
-0.166279 -0.0159397
0.269788 0.196373
-0.706371 0.177249
0.16727 -1.68314
-0.518686 0.193161
0.874355 -0.449501
0.581722 -0.156986
1.14242 -1.29685
0.442934 -0.332603
0.596435 -0.00208487
-0.236179 1.38667
0.505398 -1.69531
1.10466 -1.11573
0.547789 -0.0634134
-0.588496 0.415945
0.555897 -0.632043
1.03674 -1.73296
-0.563476 0.259062
-0.170325 0.0392964
0.700297 -2.00532
-0.202356 1.80599
-0.291471 -0.0338128
-1.02396 1.73846
-0.0777023 2.20864
-0.941061 0.94523
-0.774547 0.283383
0.957192 -0.332569
0.762348 -0.419695
0.327754 -1.9739
-0.0537154 0.206948
0.226872 -0.025156
-0.918921 1.23333
0.469455 -1.7337
-0.616161 0.0338962
0.600165 -1.6608
-0.508722 0.209904
0.26687 -2.10685
-0.683492 0.60389
-0.339456 0.433599
-0.472372 -0.284351
0.752771 -0.587307
-0.265518 1.61318
-0.912029 0.382614
0.00332092 -1.76449
-1.19615 1.57037
-0.906301 1.22285
-0.1031 0.219313
-0.331245 0.027363
-0.433276 1.91605
-1.09975 0.722522
0.482382 -0.0167862
-0.636674 1.17835
0.412653 -0.62625
0.947837 -1.49122
0.295806 -2.16937
-0.436733 -0.673776
-0.504652 -0.141891
-0.125314 0.0321745
-0.618973 0.586822
-0.913531 0.909678
0.585239 -2.15712
0.806311 0.137533
0.580246 -0.376356
0.836475 -1.44149
-0.35721 2.22176
0.523955 -2.1287
-0.829809 1.12906
0.998421 -0.913877
-0.539715 1.54865
0.983028 -0.878405
0.520033 -0.293759
1.03269 -0.794287
0.208445 0.119166
0.530985 -0.152654
1.37685 -0.939657
0.635384 -0.0878392
0.747823 -2.00286
-0.893508 0.5112
0.770908 -1.94167
0.54011 -2.23443
-0.907864 1.70941
0.927548 -0.622675
-0.285031 -0.221739
-0.287843 0.208304
-0.718608 0.307006
-0.840743 1.15901
-0.70537 0.212498
0.829745 -1.762
-0.667874 -0.0347651
-0.111236 1.97131
-0.867492 0.675543
0.723249 -0.668952
0.436986 -0.185145
0.717965 -0.0202569
-0.708673 0.259941
0.118825 -1.80143
0.464361 -1.96641
-1.16915 0.663608
1.2842 -0.67864
-0.624494 0.445761
-0.806426 2.03464
0.824709 -0.198579
0.860382 -1.6368
1.08465 -1.27888
-0.580606 2.0495
-1.07669 0.81723
-0.428304 1.42712
-0.504355 0.0597224
-0.336523 -0.327541
0.238223 -2.2697
-1.09578 0.242646
-0.0941143 0.12965
0.512084 -0.03931
1.04111 -0.770748
1.03151 -0.694822
-0.700881 0.0811244
0.687003 -0.973865
-0.899922 1.71153
0.32369 0.0843877
-0.695537 1.15717
-0.180318 2.13872
-0.508545 0.30067
0.109137 0.0566946
-0.553459 1.29794
-1.0055 0.842736
-0.751504 1.02422
0.0727393 0.223692
1.13782 -1.34619
0.636568 -2.17104
0.613949 0.0257664
0.260409 -1.98848
-0.150426 1.98818
-0.760088 0.795905
0.41489 -0.0747993
-0.69161 1.7568
-1.17887 1.25171
1.15585 -0.454036
0.0547334 -1.57518
1.09229 -1.14615
1.12027 -1.18325
0.230168 0.257418
-0.278546 -0.173285
0.296298 -1.71368
-0.579333 1.38092
0.051147 1.93502
-0.900962 1.41921
-0.317326 0.280737
-0.338666 1.91377
0.348737 -1.42773
0.387644 -1.73609
-0.375753 -0.0458498
-1.15886 0.856913
-0.983644 1.84937
-1.03549 1.50061
1.11206 -1.53339
0.660444 -0.840352
0.461384 -0.303455
0.547809 -2.29613
0.995621 -1.44226
0.42297 -0.0350572
-0.600129 1.26153
0.721988 -1.25856
0.185482 0.118772
0.158196 -1.87191
-0.323996 0.178295
0.425032 -0.185699
1.05826 -0.946745
0.55508 -1.54191
0.830118 -0.1086
0.547872 -1.86779
-0.481078 1.82483
-0.343286 -0.178162
-0.146318 2.02402
0.845116 -0.141322
1.03235 -0.842358
-0.640834 1.6053
0.748024 -1.49095
0.70224 -0.15395
-0.938017 1.19786
0.720713 -1.89956
0.67381 -0.254585
-1.09526 1.09576
-1.14613 0.635087
-0.492419 0.124636
-0.903734 0.604588
0.975703 -1.82239
1.02413 -1.09905
0.93227 0.0930823
0.417226 -0.0965424
-0.050241 1.6869
0.315182 -0.138726
0.263475 -1.60917
0.54493 -2.193
-0.119596 1.67847
0.944867 -1.55425
-0.679412 1.47819
-0.192834 0.0362545
-0.0309473 0.154817
0.144638 2.03835
-0.154973 -0.158745
1.17843 -1.21982
0.63062 -0.950379
0.828715 -1.46659
0.0571934 -0.0405441
0.292679 0.222273
0.141329 1.74393
-0.542165 0.29675
0.764259 -1.9079
-0.984535 0.818843
0.119548 -1.73445
-0.634984 1.73582
0.97136 -1.48292
0.77895 -0.27211
-0.674813 0.281132
-0.476374 2.20267
0.0328287 -2.01854
-0.413492 1.89992
0.934751 -1.13519
-0.827719 0.571036
-0.0523163 0.0496808
1.2576 -1.12002
-1.14106 1.46983
-0.831135 1.44038
0.811716 -0.0896668
-0.795664 0.485952
-1.01391 0.957964
-1.05909 1.29097
0.681647 -0.561224
0.397425 -0.139717
-1.05569 1.17738
0.364399 -1.52002
-0.993363 1.69264
0.377473 -2.06273
-0.202667 0.206869
0.437244 -1.71834
0.154262 1.64631
-0.930106 1.51474
-0.206338 0.128414
